0.882521
0.933333
0.996297
0.924406
0.832150
0.988791
0.960955
0.894153
0.914516
0.903841
0.931370
0.963299
0.897992
0.912250
0.891227
0.931759
0.923328
0.936728
0.932461
0.909159
0.876453
0.887416
0.999652
0.932756
0.849866
0.869769
0.942191
0.869581
0.919680
0.934311
0.852027
0.882332
0.906667
0.885073
0.920162
0.974364
0.878283
0.943878
0.951371
0.895669
0.858082
0.908289
0.910418
0.980518
0.682184
0.939130
0.979558
0.981660
0.897719
0.875822
0.983764
0.903905
0.847861
0.951706
0.904232
0.924935
0.983680
1.018157
0.968081
1.013717
0.948115
0.998996
1.050643
0.854988
0.972534
0.896289
0.941705
0.847245
0.910432
1.000409
0.909027
0.852642
0.931983
0.915687
0.913192
0.931222
0.913088
0.898036
1.004793
0.781091
0.754782
0.883978
0.888486
0.965435
0.957185
0.874077
0.916443
0.889386
0.985387
0.876294
0.975691
1.010725
0.855414
0.939354
0.896509
0.937906
0.893848
0.966368
0.908483
1.029708
0.902156
0.951044
0.782402
1.005223
0.928769
0.922800
0.854448
0.914621
0.916221
0.879972
0.917058
0.809942
0.855799
0.907306
0.961166
0.811457
0.808664
0.907160
0.861685
0.927167
0.940175
0.979587
0.928684
0.902489
0.992457
0.918634
0.931619
0.855806
0.974090
0.914615
0.847107
0.977513
0.845265
0.923096
0.947822
0.776741
0.925137
0.991088
0.836206
0.875998
1.048666
0.858392
0.717193
0.722556
0.883057
0.891872
0.999819
0.959566
0.740181
0.875552
0.743837
0.926584
0.916480
0.842825
0.889890
0.877510
0.926965
1.012386
0.913244
0.886215
0.820150
0.902052
0.991614
0.906602
0.984398
0.842274
0.885742
0.898898
0.956593
0.962106
0.849195
0.885300
0.977870
1.005169
0.885633
0.907255
0.875937
1.020784
1.019339
0.991781
0.904457
0.842357
0.836528
0.907112
0.966488
0.873831
0.897240
0.950681
0.843958
0.996846
1.068403
0.987280
0.916999
0.900951
0.819623
0.888392
0.876277
0.908354
0.889642
0.927737
0.953773
0.852957
0.921438
0.939972
0.893085
0.818675
0.871140
0.948541
1.006221
0.913303
0.934704
0.942505
0.841874
0.901958
0.911466
0.890164
0.900393
0.952573
0.969751
0.928846
0.748468
0.909312
0.844835
0.911498
0.861021
0.924793
0.919207
0.750030
0.878595
0.921438
0.934630
0.929007
0.946420
0.865670
0.942822
0.883110
0.871773
0.762949
0.957530
0.854683
1.009032
0.939103
0.908469
0.755370
0.934730
0.746387
0.943070
0.928150
0.831074
0.932480
0.944255
0.879958
0.731021
0.898420
0.747208
0.741107
1.003571
0.968663
0.931802
0.739186
0.974590
0.744708
0.956366
0.837122
0.899865
0.896279
0.892346
0.909675
0.880519
0.950826
0.846110
0.853567
1.005961
0.971994
0.842382
1.010705
0.866367
0.882166
0.785430
0.813523
0.883356
0.963065
0.831895
0.907299
0.921502
0.846540
0.982898
0.955596
0.875996
0.867252
0.900022
0.723884
1.072983
0.926902
0.933857
0.957784
0.848956
0.869922
0.892125
0.768554
0.908810
0.968781
0.971841
0.966101
0.949983
0.767362
0.885102
0.722084
0.737239
0.880197
0.948476
0.894825
0.819499
0.969264
0.911247
0.756857
0.750149
0.827696
0.906774
0.957253
0.864287
0.932018
0.945304
0.977186
0.932376
0.927104
0.766352
0.893610
0.970220
0.848891
0.972184
0.879293
0.894681
0.872281
1.001713
0.907562
0.970698
0.978549
0.907511
0.981394
1.107782
0.993948
1.023672
0.926059
0.903874
0.899824
0.888507
0.926793
0.994149
0.826358
0.856206
0.831270
0.744665
0.981461
0.714650
0.943950
0.942429
0.935476
1.008534
0.909222
0.875516
0.917277
0.867254
0.848903
0.901787
1.026428
0.962728
0.900918
0.977500
0.966407
0.932647
0.998446
0.935520
1.003630
0.920344
0.916707
0.985624
0.838613
0.907775
0.830107
0.948394
0.889005
0.982632
0.904533
0.876486
0.872629
0.961591
0.871778
0.938111
0.951585
1.014902
0.925804
0.888089
0.878342
0.744645
0.837154
0.955186
0.875438
0.915675
0.924002
0.919885
0.900733
0.762622
0.967926
0.861014
1.032626
0.960261
0.893071
0.758533
0.813791
0.951887
0.840115
0.939075
0.896735
0.911872
0.862539
0.920188
0.768770
0.845418
0.792748
0.887353
0.886390
0.746137
0.890831
0.944294
0.955121
0.904620
0.763245
0.910358
0.947092
0.932630
0.867709
0.877216
0.934915
0.907456
0.872729
0.901120
0.938538
0.950670
0.912552
0.913117
0.912028
0.943854
0.972730
0.877184
0.892743
0.848237
0.879413
0.908877
0.776976
0.980537
0.998850
0.857552
0.899848
0.971997
0.926692
0.801767
0.884713
0.911430
0.610510
0.870157
0.893419
0.986184
0.597386
0.902576
0.888418
0.998951
0.893539
0.930631
0.882097
0.835874
0.909164
0.911661
0.873524
0.936573
0.887129
0.940407
0.934060
0.954593
0.926672
0.898762
0.934798
0.980727
0.941943
0.948470
0.840087
0.990189
1.016552
0.780710
0.945906
0.919969
0.906263
0.891493
0.976499
0.918760
0.928256
0.915082
0.962930
1.019490
0.986075
0.938766
0.879386
0.947737
0.888040
0.835183
0.867543
0.944086
0.857784
0.947414
0.983179
0.853252
0.909145
0.994123
0.964177
0.784742
0.954869
0.872325
0.916722
0.867869
1.013857
0.805639
0.756194
0.884910
0.762741
0.728352
0.947269
0.691946
0.990964
0.900746
0.748888
0.945328
0.787835
0.762957
0.815116
0.591413
0.913905
0.856413
0.961390
0.909796
0.950878
0.882971
0.874404
0.888527
0.869877
0.949114
0.914569
0.837362
0.896973
0.992519
0.939714
0.900629
0.901105
0.624967
0.946812
0.771348
0.756127
0.913560
1.007506
0.849913
0.902875
0.879430
0.921026
0.850617
0.940725
0.851202
0.986297
0.919200
0.893097
0.938386
0.769397
0.803361
0.919640
0.858050
0.918150
1.026740
0.895430
0.895659
1.028770
1.020563
0.876692
0.918694
0.886149
0.859904
1.007629
0.976467
0.917502
0.903603
0.964977
0.897519
0.972094
0.887944
0.838265
0.992522
0.894762
1.037178
0.932740
0.960459
0.717315
0.896214
0.946056
0.840574
0.925371
0.930893
0.933290
0.919952
1.085794
0.814398
0.897098
0.988617
1.026220
0.931109
0.746943
0.911294
1.004848
0.884533
0.822164
0.847125
0.845034
0.898874
0.914566
0.982481
0.945307
0.942581
0.949948
1.002100
1.014558
0.895168
0.936052
0.948196
0.945846
0.886122
0.750174
1.045727
0.845034
0.891567
0.834179
0.918359
0.756244
0.899314
0.729180
0.951101
0.940148
0.981660
0.961844
0.943336
1.011804
0.954533
0.889197
0.925604
0.953732
0.983469
0.971791
0.952867
0.821927
0.862391
0.914656
0.885717
1.047693
0.878825
0.978600
0.763355
0.798264
0.963018
0.796798
0.784230
0.903030
0.907304
0.887923
0.944660
0.959743
0.891184
0.943012
0.747601
0.858473
0.973149
0.872140
0.974259
0.906704
0.902701
1.000940
0.738373
0.764384
0.887433
0.944230
0.904843
0.912906
0.873242
0.731144
0.906404
1.010074
0.961944
0.938533
0.789788
0.986966
0.863899
0.988061
0.878538
0.918062
0.932267
0.940553
0.997126
0.776595
0.938411
0.844388
0.864937
1.001011
0.830060
0.797249
0.899991
0.884136
0.973674
0.972830
0.993135
0.870661
0.992328
0.959324
0.995324
0.940477
0.983225
1.011954
0.615466
0.847520
0.977897
0.939451
0.969624
0.951348
0.945718
0.968324
0.887051
0.976025
0.951475
0.989934
0.910193
0.948824
0.919097
0.950143
0.951092
0.939958
0.962835
0.843682
0.937006
0.895548
0.908637
0.848030
0.962347
0.905115
0.949814
0.889156
0.934265
0.904256
0.952102
0.990839
0.852983
0.910559
0.846991
0.891077
0.885104
0.609897
0.962246
0.974958
0.919056
1.055328
0.926981
0.908656
0.870494
0.874291
0.869740
0.847573
0.803304
0.859336
0.910266
1.094509
0.945443
0.845142
0.905856
0.974084
0.875575
0.823684
0.888360
0.727662
0.924683
0.818812
0.838217
0.953707
0.987290
0.944551
0.938872
0.964176
1.015438
0.961348
0.879298
0.944038
1.040631
0.906727
1.016307
0.862766
0.926591
0.910495
0.903809
0.795380
0.849405
0.886061
0.984517
0.882171
0.904193
0.888735
0.745435
0.805457
0.890439
0.963890
0.910716
0.952542
0.871246
0.918755
0.756840
0.831907
0.859855
0.843248
0.933269
0.867839
0.867545
0.898462
0.779614
0.897105
0.911130
0.998527
0.889671
0.927691
0.894746
0.861577
0.939221
0.880084
0.833372
0.789537
0.971775
0.863324
0.909489
0.924672
0.607035
0.948540
0.902567
0.927897
0.733364
0.961859
0.927988
0.869918
0.819728
0.876209
0.931062
0.947076
0.879866
0.926892
0.961353
0.944466
1.042227
0.973104
0.925664
0.886691
0.823928
0.743608
0.899194
0.923797
0.916500
0.976170
0.904389
0.886377
0.880351
0.997561
0.843961
1.005931
0.912296
0.872624
0.956103
0.994208
0.873464
0.961332
0.881432
0.998144
0.876451
0.957560
0.770038
0.906349
0.888766
0.941884
0.981790
0.783095
0.906438
0.957661
0.869964
0.931738
0.948793
0.953455
0.950164
0.837055
0.957105
1.006981
0.938014
0.892800
0.944625
1.035846
1.019434
1.000926
0.834371
0.875361
0.946706
0.984637
0.836617
0.736811
0.764182
0.856292
0.966525
0.900281
0.891358
0.841071
0.918561
0.849629
0.954217
0.885486
1.011815
0.959980
0.945750
0.836613
0.929594
0.955140
1.047657
0.971563
0.873461
0.832387
0.961087
0.935274
0.955364
0.939654
0.897492
0.958701
0.938920
0.913190
0.762156
0.938483
0.728928
0.975722
0.912626
0.959705
0.778886
0.787331
0.649807
0.884333
0.957140
0.922620
0.983855
0.927848
1.030056
0.787820
1.021315
0.861729
0.904683
0.923274
0.966723
0.999724
0.884089
0.972818
0.896937
0.890916
0.976806
0.757273
0.931796
0.946999
0.899529
0.964200
0.849326
0.897497
0.926444
0.890170
0.763938
0.744204
0.979794
0.749887
0.924750
1.047573
0.889628
0.884187
0.912586
0.940189
0.858836
0.731434
0.975149
0.943912
0.917923
0.905771
0.975427
0.750213
0.871637
0.969037
0.861324
0.884159
0.950980
0.910904
0.929308
0.877818
0.789374
0.937511
0.744240
0.976948
0.871511
0.884430
0.819876
0.913939
0.795491
0.731328
0.780838
0.837135
0.923119
0.951770
0.946806
0.992668
0.893806
0.865608
0.979029
0.952868
0.936622
0.873218
0.836322
0.846078
0.883750
0.897275
0.799217
0.989662
0.886109
0.599098
0.909319
0.722468
0.994798
0.911172
0.989169
0.984393
0.849322
0.955854
0.952329
1.011214
0.831473
0.987650
0.938694
0.910027
0.838327
0.899216
0.857086
0.989398
0.964892
0.939630
0.758647
0.912439
1.017681
0.853040
0.920631
0.884809
0.997174
0.959250
0.920783
0.919839
0.933460
0.779286
0.885585
0.868019
1.054658
0.890741
0.760820
0.953830
0.865839
0.937165
0.910028
0.932439
0.960822
0.841853
0.922612
0.865221
0.914499
0.797333
0.904376
0.718970
0.874975
0.958305
0.965268
0.941263
0.854487
0.926714
0.939770
0.765337
0.910703
0.919166
0.961761
0.908483
0.683764
0.911041
0.833535
0.807676
0.819339
0.946001
0.862001
0.861963
0.755612
0.925854
1.008911
0.893054
0.915509
0.922709
0.899889
0.900980
0.920968
0.851186
0.905477
0.934478
0.981272
0.977148
0.918476
0.954755
0.960106
0.745923
0.962090
0.917008
0.942585
0.738023
0.981024
0.964031
0.904749
0.822581
0.992236
0.959656
0.970390
1.006153
0.906076
0.766201
0.747284
0.974488
0.862435
0.889525
0.938511
1.000578
0.875109
0.928370
0.965376
0.978508
0.806463
0.966314
0.942720
0.990764
0.971354
0.964521
0.893655
0.885889
0.923089
0.942859
0.953968
0.864086
0.735724
0.942259
0.962203
0.968715
0.938338
0.920579
0.853278
0.901442
0.943205
0.849272
0.963071
0.948131
0.970388
1.052732
1.009355
0.879177
0.872705
0.992957
0.922924
0.916046
0.875446
0.942298
0.905652
0.912574
1.025046
0.933345
0.915911
0.945803
0.886679
0.951843
1.000195
0.937566
0.892664
0.893170
0.988056
0.864687
0.818960
0.846733
0.943939
0.738231
0.956869
0.983604
0.942146
0.936849
0.932657
0.861390
0.875777
0.976473
0.884374
0.812715
0.909776
0.937863
0.900769
0.890997
0.903939
0.954700
0.793127
0.856184
0.950797
0.983838
0.952760
0.929412
0.939187
0.907658
0.757383
0.909322
0.829127
0.980742
0.614216
0.885794
1.000469
0.858867
0.941426
0.967083
0.893749
0.926351
0.907463
0.859615
0.962712
0.911160
0.919151
0.871358
0.876224
0.908768
0.850309
0.872303
0.867266
0.969154
0.999506
0.937836
0.879755
0.927442
0.830354
0.886372
0.881638
0.927101
0.963864
1.004685
0.984955
0.958132
0.893115
1.005534
0.765352
0.925023
0.877510
0.895527
0.935016
0.952596
0.959157
0.986877
0.930384
0.895597
0.869510
0.914654
0.935281
0.901790
0.987899
0.916521
1.063947
0.856560
0.911547
0.888680
0.924223
0.963260
0.920001
0.881554
0.875724
0.920034
0.886309
0.760231
0.942607
0.965625
0.960487
0.991171
0.902486
0.977621
1.006827
0.964205
0.893121
0.829995
0.900150
0.937092
0.986003
0.860250
0.996847
0.929736
0.934682
0.914182
0.920314
0.917961
1.012601
0.884771
0.898113
0.926380
0.794509
0.978918
0.930982
0.978151
0.926946
0.934492
0.982971
0.954429
0.838928
0.898650
0.927669
0.916214
0.822522
0.713513
0.634170
0.960315
0.956067
0.919013
0.927424
1.016204
0.812193
0.928357
0.935248
0.915662
0.984628
0.978884
0.937060
1.032248
0.843973
0.886221
0.881607
0.976745
0.966897
0.996731
0.867584
0.847560
0.811961
0.970780
0.900305
0.894282
0.976178
1.009448
0.971434
0.970240
0.885999
0.926932
0.935046
0.937550
0.920816
0.841395
0.896835
0.994232
0.872482
0.917215
0.830600
0.604966
0.888745
0.867609
0.961999
0.908302
0.845543
0.925222
0.896923
0.913715
0.692080
0.897053
0.819864
0.893017
0.935981
0.777387
0.857653
0.861652
1.048884
0.974631
0.969827
0.833198
0.937007
0.926803
0.954943
0.939378
0.828013
0.953655
0.864729
1.067740
0.833991
0.957314
0.911937
0.925204
0.982009
1.062835
0.829429
0.951994
0.961997
0.994496
0.896193
0.844605
0.964010
0.719758
0.968798
0.945846
0.966462
0.899573
0.933822
0.952656
0.746566
0.757537
0.602618
0.826045
0.722693
0.928957
0.897314
0.871972
0.965938
1.015490
0.777086
1.015537
0.921651
0.733067
0.857408
1.013996
0.765022
0.950917
0.874403
0.894140
0.986085
0.987091
0.944596
0.919081
0.980293
0.965839
1.035381
0.930531
0.871261
0.811606
0.754504
0.793947
0.907954
0.811346
0.977869
1.025375
0.868593
0.926096
0.942484
0.979932
0.705630
1.006292
0.954598
0.944332
0.967982
0.987378
0.795716
0.930566
0.780866
0.914216
0.914556
0.917266
0.981070
0.874379
0.930571
0.907904
0.942605
0.904069
1.024538
0.918780
0.917441
0.932197
0.989332
0.932701
0.890670
1.014009
0.921893
0.930295
0.939533
0.901874
0.878661
0.897250
0.816565
0.882743
0.888136
1.021537
1.017187
0.917778
0.888637
0.920549
0.889615
1.021258
0.909132
0.886199
0.898949
0.907647
0.992786
0.738838
0.909918
0.991335
0.815236
0.932806
1.002737
0.920710
0.944980
0.909290
0.793515
1.071961
0.928090
0.908341
0.973203
1.044090
0.904296
0.920502
0.880062
0.849561
0.871625
0.903831
0.749474
1.015092
0.870151
0.999200
0.908381
0.897098
0.837170
0.918781
0.997802
0.895370
0.971803
0.956719
0.993258
0.949863
0.847044
0.753410
0.738600
0.903865
0.915550
0.767083
0.920320
0.894088
0.836327
0.976312
1.026622
0.981794
0.950913
0.975622
0.944403
0.890104
0.909889
0.992704
1.022869
0.999817
0.895867
0.940364
0.917444
0.942214
0.916824
0.862009
0.901855
0.755632
0.980544
0.903203
0.846956
0.976657
0.896057
0.833786
0.988231
0.919529
0.945117
0.937135
0.896928
0.945190
0.866320
0.889971
0.881033
0.899708
0.970185
0.912495
0.688443
0.928185
0.879403
0.908823
0.910604
0.939959
0.776482
0.881176
0.893597
0.969618
0.866859
0.886173
0.959062
0.996376
0.784870
0.845666
0.874829
0.977435
0.961291
0.893437
0.908771
0.868916
0.903440
0.752199
0.922240
0.977837
0.771966
0.916201
0.947950
0.960954
0.903968
0.900495
0.844393
0.939046
0.894604
0.929019
0.938588
0.972536
0.931055
0.925939
0.882651
0.926468
0.824089
0.901652
0.836097
0.867366
0.955348
0.913257
0.909153
1.038553
0.832609
0.909935
0.745577
0.906779
0.968673
1.026099
0.984093
0.874607
0.887670
0.586115
0.908642
0.801007
0.940304
0.859688
0.925287
0.934732
0.761380
0.921644
0.933173
0.889787
0.831680
0.923362
0.881313
0.937718
0.880348
0.890771
1.028033
0.694076
0.854524
0.968889
0.885252
0.930328
0.922958
0.932724
0.751182
0.998863
0.884233
0.874075
0.892996
0.859846
0.886176
0.938911
0.968094
0.904258
0.912406
0.860336
0.870640
0.959241
0.845784
0.969628
0.929271
0.927242
0.965673
0.878929
0.818916
0.948643
0.824743
0.869775
0.754397
0.918181
0.803197
0.877638
0.848572
0.944540
0.945444
0.913531
0.579033
0.935467
0.878089
0.944672
0.592493
0.918152
0.902397
0.945351
0.860296
0.944639
1.059998
0.830517
0.883067
0.858081
0.732423
1.004977
0.912546
0.990724
0.879358
1.014533
0.863494
0.956819
0.979598
1.003156
0.926069
0.967698
0.770919
0.771987
0.872926
0.934320
0.941122
1.053365
0.960184
0.933187
0.964513
0.891415
0.891289
0.901169
0.948127
0.856126
0.727507
0.971635
0.936263
0.899978
0.950370
1.006346
0.935448
0.780543
0.901359
0.968723
0.754770
0.952821
0.859835
0.951377
0.956396
1.028254
0.914771
0.899379
0.921830
0.847828
0.923629
0.929213
0.881815
1.062017
0.859456
1.044358
0.889752
0.926556
0.792445
0.967478
0.903266
0.895719
0.981456
0.761869
0.942746
0.929340
0.769682
1.006852
0.892340
0.907885
0.878842
0.971808
0.845102
0.869034
0.900518
0.981409
0.946722
0.995159
0.757963
0.981722
0.766885
0.917190
0.994118
0.873400
0.631224
0.912685
0.992404
0.942439
0.892258
0.866539
0.847336
0.918978
0.871194
0.904961
0.891597
0.840433
0.952627
0.909527
0.910651
0.938119
0.845577
0.888009
0.921879
0.862843
0.942652
0.818171
0.977695
0.977465
0.972067
0.870479
0.915688
0.829567
0.838291
0.892527
0.867333
0.994694
0.714476
0.941984
0.753819
0.833990
0.877522
0.854862
0.882367
0.891986
0.936918
1.032742
0.925145
0.882366
0.953294
0.886254
0.907483
0.895799
0.983967
0.875368
0.886333
0.892478
0.946146
0.950037
0.984956
0.880421
0.876625
0.931658
0.876750
0.949656
0.994897
0.877198
1.006549
0.976501
0.882178
0.841968
0.709602
0.766361
0.923834
0.833223
0.893986
0.908858
0.883847
0.927734
1.036790
0.909338
0.890695
0.912224
0.899416
0.779169
0.894647
0.869064
0.952792
0.850971
0.863261
0.924142
0.976310
0.610622
0.908356
0.879305
0.937475
0.909552
0.912096
0.842070
0.863044
0.791503
0.854658
0.969836
0.873532
0.717815
0.967725
0.788637
0.927040
0.934905
0.915490
0.907793
0.902819
0.861140
0.946044
0.772715
0.878112
0.913717
0.948063
0.939145
0.979145
0.748848
0.866197
0.874350
1.025352
0.949579
0.803439
0.882059
0.928587
0.963574
0.760477
0.978020
0.849160
0.936222
0.947302
0.901248
0.888341
0.894005
0.920806
0.883237
0.580720
0.948257
0.953892
0.794885
0.852437
0.970589
0.930252
0.887537
0.966809
0.874487
0.807663
0.842134
0.873337
0.885400
0.965834
0.744860
0.902318
0.975012
0.922346
0.842294
0.905614
0.991480
0.922457
0.926525
0.966100
1.045202
1.012507
0.878499
0.824202
0.942968
0.965828
1.021604
1.011843
0.822439
0.856197
0.970404
0.943820
1.047256
0.846823
0.962951
0.904686
0.921110
0.850594
0.833492
0.885432
0.710746
0.972971
0.962243
0.955200
0.955939
0.905430
0.924048
1.018071
0.972157
0.898102
0.892478
0.877985
0.975731
0.850183
0.850313
0.961022
0.944496
0.984329
1.030023
0.944252
0.930481
0.827417
0.947553
0.919258
0.874619
0.886704
0.913426
0.934609
0.843440
0.933598
0.933778
0.998957
0.841303
0.864741
0.867332
0.979164
1.040415
0.837687
0.626079
0.930253
1.088905
0.923824
0.916414
0.936748
0.734677
0.950698
1.030572
0.834863
0.869935
0.890490
0.850873
0.831519
0.911686
0.903691
0.725786
0.891766
1.013391
1.057560
0.871955
0.966432
0.925229
0.821760
0.901707
0.880599
0.951922
0.839077
0.839551
0.912353
0.875032
0.926818
0.945418
0.931673
0.612962
0.953754
0.946746
0.894970
0.930898
0.945977
0.899529
0.836035
0.922434
0.907557
0.911784
0.757479
0.726617
0.878798
0.778645
0.852551
0.825336
0.795598
0.729152
0.837241
0.893227
0.889139
0.940212
0.974520
0.876293
0.951076
0.895101
0.824780
0.842666
0.976615
0.845798
0.933820
0.948656
0.908725
0.906872
0.965699
0.877373
0.931977
0.913363
0.951745
0.874374
0.950195
0.998402
0.930090
0.901718
0.860499
0.718299
0.963364
0.897733
0.960635
0.914837
0.897712
0.745158
0.848317
0.949844
0.940977
0.860095
0.913150
0.965624
0.899676
0.934929
0.988580
0.939537
0.987218
0.872243
0.933046
0.866599
0.877088
1.032517
0.887881
0.949565
0.877773
1.011424
0.935232
1.019069
0.828486
0.827315
0.926395
0.922350
0.904043
0.973077
0.834001
0.940918
0.749781
0.917742
0.890102
0.998112
0.975311
0.980145
0.894820
0.932328
0.782316
0.893003
0.956332
0.874348
0.912701
0.916087
0.908749
0.739468
0.888131
1.003162
0.994164
0.895727
0.913094
0.943703
0.954304
0.909213
0.979802
0.894936
0.842299
0.925758
0.902267
1.003586
0.886911
0.936745
0.947227
0.913992
0.779951
0.681426
0.841571
0.929462
0.850088
0.686118
0.895353
0.756393
0.967906
0.930675
0.970831
0.876823
0.749120
0.836431
0.714983
0.897803
0.898567
0.957703
0.939288
0.845713
0.920486
0.943921
0.950446
0.741255
0.968773
0.859646
0.848111
0.846586
0.875217
0.880905
0.864757
0.973488
0.987030
0.988335
0.879447
0.992191
0.814873
0.748695
0.942414
0.952422
0.921493
0.620217
0.959606
0.879276
0.839434
0.904423
0.957058
0.897840
0.872487
0.695297
0.840490
0.762234
0.928561
0.623816
0.931179
0.955734
0.934079
0.917817
0.900778
0.894370
0.809185
0.883297
0.985758
0.956730
0.934502
0.931572
0.923320
0.773666
0.891823
0.865149
0.932136
0.895364
0.902785
0.890513
0.769147
0.881171
0.949084
0.925200
0.888367
0.820338
0.869724
0.891544
0.964796
0.938204
0.801177
0.865553
0.826638
0.842065
0.878780
0.929668
0.900103
0.770928
0.643552
0.893838
0.934390
0.894605
0.906725
0.830873
0.900761
0.940283
0.936251
0.899637
0.914443
0.919251
0.964017
0.927627
0.870153
0.904202
0.934780
0.916483
0.938581
0.972682
0.967732
0.910699
0.923579
0.928814
0.916470
0.920790
0.987013
0.956518
0.845155
0.917855
0.931271
0.894991
0.913007
0.889676
1.009487
0.995328
0.920499
0.889594
0.580117
0.724170
0.965924
0.928802
0.872994
0.964853
0.900252
0.879392
0.805390
0.986825
0.939281
0.850943
1.045118
0.659031
0.887067
0.842435
0.933261
0.942492
0.912180
0.894971
0.945301
0.977534
0.987400
0.943210
0.909554
0.959374
0.877854
0.864893
0.911926
0.913669
0.921124
0.606375
0.837775
0.961966
0.910515
0.906435
0.809868
0.898623
0.828077
0.890694
0.916781
0.899433
0.967897
0.849472
0.846984
0.686263
0.910316
0.792827
0.884446
0.898124
0.823495
0.947185
0.838395
1.025207
1.003781
0.836390
0.931361
0.887645
0.979444
0.937580
1.003384
0.818290
0.886255
1.004803
0.913212
0.838044
0.779787
0.958775
0.901394
0.891009
0.991715
0.874138
0.939979
0.963083
0.776350
0.840354
0.918454
0.973047
0.755777
0.975230
0.968732
0.932180
0.843990
0.928861
0.939037
1.019586
0.966485
0.962890
0.975282
0.874486
0.892236
0.853136
0.919082
0.916443
0.974355
0.896786
0.813473
0.965282
0.892591
0.909490
0.963379
1.035265
0.955657
0.932194
0.927139
0.984095
0.970954
0.612727
0.913598
0.840797
0.865324
0.951794
0.996279
0.895861
0.794510
0.901558
0.894648
0.756044
0.610592
0.981808
0.867157
0.956041
0.912061
0.845881
0.924241
1.017208
0.865966
0.758778
0.913413
0.913566
0.914885
0.885221
0.902311
0.837496
0.956446
0.896223
0.817464
0.729715
0.900629
0.884462
0.930676
0.989828
0.916252
0.876682
0.855035
0.963084
0.853893
1.082394
0.913851
0.921666
0.920319
0.937468
0.968419
0.939783
1.027394
0.914848
0.836618
0.954896
0.882933
0.874665
0.970872
0.942312
0.944795
0.993876
0.896578
0.936254
0.996820
0.913085
0.852763
0.905186
0.936451
0.889500
0.917681
0.892764
0.981955
0.977979
0.966169
0.917880
0.900182
0.997464
0.990741
0.993737
0.826591
0.935362
0.782815
0.926249
1.037762
0.959343
0.940725
0.857220
0.877655
0.828529
0.983800
0.915964
0.951566
0.936988
0.898237
0.857120
0.921411
0.858577
0.958255
1.052176
0.871570
1.038120
0.964764
0.946782
0.876768
0.903823
0.983930
0.886614
0.884915
0.856058
0.909316
0.912310
0.937542
0.914604
0.717084
0.999914
0.955188
0.895865
0.720127
1.040329
0.922970
0.834908
0.911648
0.969876
0.758956
0.886282
0.920464
0.896730
0.962673
0.875368
0.813476
0.923417
0.725516
0.954330
0.830429
0.920819
0.971908
0.763875
0.947329
0.938811
0.924006
0.918661
0.870641
0.936076
0.834939
0.729648
0.869060
0.969370
0.968635
0.921740
0.968311
0.762301
0.769363
0.853590
0.757271
0.890506
0.987616
0.872226
0.776113
0.994803
0.947481
0.981780
0.886330
0.785521
0.916335
0.999298
0.960080
0.981347
0.929429
1.059429
0.954008
0.939568
0.884533
0.936966
0.764297
0.949390
0.858652
0.893508
0.973518
0.910905
0.917643
1.036963
0.914424
0.883127
0.864877
0.710919
0.905212
0.925677
0.864991
0.830959
1.030730
0.910734
0.781872
0.945434
0.879869
0.716233
0.932565
0.612190
0.916466
0.943144
0.876000
0.889957
0.923887
0.886086
0.726604
0.862890
0.660704
0.873574
0.835668
0.915774
0.951283
0.865876
0.894933
0.856664
0.919740
0.988961
1.028609
0.986431
0.938650
0.929601
0.954572
0.983718
0.897222
0.918729
0.758152
0.825259
0.879069
0.748877
0.915671
0.934004
0.797038
0.990002
0.829113
0.914745
0.943782
0.934112
0.802790
0.864107
0.933395
1.090248
0.911891
0.960595
0.851731
0.961580
0.980822
0.902811
0.914099
0.941363
0.905760
0.929761
0.858914
0.904093
1.020085
0.994865
0.852418
0.907170
0.761548
0.968826
0.887827
1.000058
0.857840
0.919428
0.865804
0.919939
1.051951
0.912190
0.588628
0.836472
0.975462
0.899978
0.839349
1.000059
0.901373
0.921621
0.915531
0.922057
0.850276
0.929724
0.956530
0.909315
0.908311
0.852744
0.809536
0.921862
1.017005
0.868307
0.878071
0.970494
0.995309
0.837936
0.943864
0.922585
0.823189
0.847576
0.902689
0.846053
0.907484
0.887555
0.988847
0.917620
0.877401
0.926671
0.836066
0.947327
0.896106
0.917881
0.974597
0.848164
0.961499
0.867184
0.816217
0.789601
0.933156
0.940037
0.984274
0.944259
0.952015
0.782005
0.869876
0.901107
0.909390
0.873816
0.862222
0.887290
0.895693
0.919805
0.735755
0.975068
0.951099
1.039956
0.595648
0.905880
0.902410
0.770463
0.966971
0.758320
0.816882
0.901587
0.891966
0.967036
0.949425
0.893273
0.953228
0.930292
0.872527
0.873437
0.989608
0.925482
0.881061
0.921674
0.756833
0.943411
0.918940
0.872762
0.936621
0.989138
0.992981
0.908207
0.870825
0.994820
0.981314
0.937301
0.978185
0.924867
0.965019
0.933322
0.762781
0.897265
0.919779
0.937756
1.000157
0.974854
0.846829
1.076545
0.873601
1.003161
0.854093
0.957321
0.894176
0.858557
0.945533
0.826165
0.862085
0.893139
0.904116
0.854455
0.958175
0.926680
0.902323
0.838678
0.909907
0.867592
0.898843
0.823262
0.879538
0.784048
0.908484
0.904054
0.847532
0.844352
0.908082
0.877469
0.918439
0.929455
0.968185
0.838401
0.894141
1.004809
0.932401
1.005280
0.970978
0.984375
0.952758
0.882708
0.715468
0.932182
0.950387
0.854012
0.894976
0.839957
0.885489
0.951419
1.021675
0.958942
0.808620
0.962895
0.957246
0.981493
0.959680
0.918178
0.857960
0.926372
0.932847
0.881977
1.033375
0.976938
0.767188
0.955568
0.900979
0.884452
0.889500
0.919576
0.859020
0.966054
0.836542
0.718660
0.725135
0.944657
0.953540
0.886320
0.905302
0.864482
0.963927
0.889363
0.892300
0.963067
0.597365
0.787321
0.979994
0.870045
0.806645
0.915355
0.961677
0.966182
0.899861
0.921481
0.908115
0.900326
0.868196
0.947690
0.982130
0.971539
0.878331
0.935007
0.942428
0.837591
0.920505
0.947907
0.883686
0.893560
0.739186
0.832433
0.839458
0.962475
0.859865
0.920673
1.017685
0.897406
0.918393
0.978352
0.912752
0.934468
0.956469
0.978432
0.846475
1.042534
0.939875
0.858764
1.025351
0.976950
0.907022
0.969510
0.826614
0.905839
0.937318
0.906736
0.950610
0.824836
1.072912
0.913081
0.853107
0.865864
0.877684
0.893661
0.978001
0.830389
0.832608
0.911991
0.765827
1.127065
0.577531
0.935404
0.883987
0.900390
0.878166
0.920474
0.958898
0.949740
0.760800
0.862728
0.900375
0.938855
0.928775
1.011450
0.989791
0.939361
0.956603
0.902671
0.971570
0.968254
0.844289
0.906820
0.951389
0.927918
0.942675
0.869160
0.962502
0.843055
0.827180
1.045038
0.845996
0.970136
0.887877
0.837772
0.822232
0.962096
0.904332
0.898688
0.896269
0.937510
0.906440
0.875238
1.000102
0.934503
1.013769
1.006077
0.909363
0.885008
0.850894
0.913786
0.889917
0.939018
0.926210
0.939639
0.757290
0.922521
0.967952
0.785733
0.941612
0.919720
0.865395
0.883889
0.922448
0.985530
0.858508
0.963761
0.966025
0.946744
0.921646
0.745486
0.692378
0.970377
0.976076
0.908944
1.045523
0.926314
0.976608
0.969637
0.894021
0.846651
0.931608
0.935488
0.874915
0.790137
0.887718
0.955686
0.959844
0.951528
0.953202
0.881599
0.943724
0.855976
0.902563
0.871133
0.909737
0.861950
0.768654
0.879781
0.894118
0.954420
0.852873
0.945356
0.948865
0.821102
0.616322
0.921620
0.956148
0.905174
0.947065
0.945705
0.952116
1.008770
0.843104
0.937302
0.792796
0.967108
0.886770
0.842005
0.875035
0.868716
0.889749
0.904958
0.949359
0.901210
0.956639
0.836015
1.020401
0.909483
0.831351
0.918495
0.913354
0.638059
0.904410
0.982797
0.976474
0.921015
0.813914
0.766757
0.934409
0.895286
0.915856
0.898327
0.964869
0.944547
1.065129
0.653225
1.036127
0.992010
0.864069
0.964084
0.853594
0.909972
0.822750
0.925680
0.734608
0.887710
0.826496
0.985699
0.975469
0.864969
0.953899
0.949709
0.933085
0.832008
1.009558
1.075457
0.962556
0.906095
0.897401
0.950181
0.836758
0.885664
0.815071
0.742533
0.918161
0.983977
0.819204
0.980132
0.900749
0.938595
0.964863
0.886564
0.938639
0.998979
0.898070
0.921231
0.900797
0.916066
0.999214
1.107152
0.743605
0.983782
0.998986
0.921883
0.724778
0.940649
0.748475
0.886342
0.708561
0.975997
0.943570
1.020875
0.859500
0.761659
1.002102
0.837528
0.840079
1.064197
1.053894
0.894249
0.926446
0.957441
0.908817
0.906893
0.731080
0.960121
0.917619
1.006310
0.944416
0.963937
0.923991
0.941930
0.975817
0.881256
1.063173
0.879814
0.940290
0.905550
0.873260
0.866982
0.904238
0.768238
0.913128
0.878413
0.932458
0.934878
0.881038
0.869105
0.879298
0.876680
0.902239
0.762592
0.905050
0.912453
0.917570
0.929443
0.958710
0.983792
0.921843
0.864265
0.959594
0.912622
0.974717
0.961316
0.862788
0.900481
0.658249
0.952536
0.952832
0.923636
0.935616
0.906712
0.821171
0.993288
0.853015
0.841370
0.972358
0.976406
0.901573
0.841141
0.884768
0.911969
0.932227
0.892324
0.988905
0.989039
0.824808
0.998112
0.971000
0.964298
0.928499
0.915026
0.761089
0.905040
0.938317
0.780844
0.904216
0.750494
0.903910
0.835948
0.959978
0.933306
0.869076
0.836024
0.994802
0.737168
0.904850
0.908044
0.888380
0.795846
0.840237
0.754481
0.845767
0.857536
0.939263
0.748490
0.895323
0.866592
0.834563
0.978960
0.882607
0.881372
0.920206
0.834992
0.937037
1.045925
0.959849
0.725480
1.011674
0.900964
0.920024
0.758191
0.948080
0.942253
0.967148
0.938845
0.988899
0.873360
0.874776
0.909966
0.963443
1.025333
0.956126
0.870786
0.920623
0.913146
0.852564
0.812421
0.886732
0.881888
0.944136
0.920605
0.912060
0.897757
0.870263
0.907881
0.869198
0.907900
0.908686
0.988017
0.864501
1.000042
0.861848
0.915354
0.961745
1.021156
0.915155
0.875404
0.886065
0.968068
1.101919
0.891395
0.938165
0.721551
0.989501
0.875833
0.864517
0.960609
0.733453
0.895839
0.723925
0.812224
0.917485
0.782908
0.915155
0.866718
0.784890
0.878852
0.920987
1.023527
1.015339
0.939745
0.930958
0.897772
0.759498
0.950492
0.928376
0.965738
0.847828
0.888245
0.973688
0.855942
1.059940
0.834905
0.958781
0.925879
0.788756
0.861283
0.997978
0.931460
0.954850
0.941800
0.945241
0.842820
0.954949
0.996263
0.985801
0.869738
0.891756
0.904057
0.901085
0.945987
0.839082
0.906946
0.878959
0.737789
0.941722
0.820790
0.974632
1.031509
0.923274
0.903580
0.641217
0.909706
0.908812
0.998438
0.852699
0.955161
0.719932
0.872482
0.716058
0.743666
0.935092
0.833567
0.932655
0.899031
0.748156
0.922729
0.794724
0.850210
0.977921
0.976955
0.918003
0.871858
0.897436
0.954651
0.951290
0.890268
0.864892
0.999089
0.969420
0.980752
0.885850
0.853735
0.879705
0.943587
0.586611
0.904937
0.887166
0.971903
0.914929
0.932805
0.730408
0.973337
0.932425
0.956339
0.999948
0.820750
0.926418
0.881108
0.816246
0.889371
0.778832
0.752190
0.915965
0.960873
1.004826
0.959634
0.913085
0.967559
0.887559
1.012779
0.967719
0.942167
0.938827
0.971706
0.957034
0.758844
0.788778
0.935076
0.865476
0.898983
1.079083
0.885934
0.998002
0.920075
0.930644
0.941748
0.961431
1.030330
0.831211
0.934660
0.926257
0.864451
0.716086
0.940854
0.913607
0.832693
0.936623
0.783934
0.886577
0.909957
0.924505
0.920349
0.810093
0.639943
0.953366
0.978510
0.927188
0.866495
0.886880
0.911207
1.007938
0.963115
0.902476
0.924085
0.878763
0.998976
0.994131
0.793903
1.019534
0.904370
0.835767
0.848955
0.873121
0.789498
0.891667
0.971193
0.872862
0.841817
0.940652
0.775504
0.950904
0.875574
0.936704
0.900246
0.886431
0.848019
0.980089
0.880930
1.023549
0.847368
0.952859
0.861616
0.879182
0.919431
0.783004
0.954576
0.881414
0.996815
0.915670
0.916847
0.956925
0.909969
0.909339
0.924272
0.775480
0.925770
0.983050
1.000416
0.925538
0.812176
0.874942
1.016672
1.009731
0.864351
0.938619
0.862686
0.929966
0.839334
0.940403
0.987571
1.047462
0.815281
0.990264
1.110200
0.964981
0.836135
0.868893
0.890993
0.911479
1.043884
1.015165
0.885371
0.951179
0.924516
0.942461
0.883487
0.897122
0.961362
0.892618
0.968353
0.839201
0.915577
0.827497
0.962051
0.839934
0.705231
0.904032
0.919288
0.808364
0.949519
0.742417
0.966380
0.897954
0.990394
0.819382
1.057587
0.957352
0.885227
1.004589
0.870059
0.852071
0.923648
0.929601
0.871047
0.714881
0.879478
0.906954
0.889174
0.865563
0.973049
0.989313
0.906943
0.858984
0.740007
0.781868
0.994910
0.891955
0.964314
0.896752
0.933959
0.574439
0.701103
0.891510
0.973098
0.903177
0.891180
0.913922
0.849551
0.893708
0.854045
0.969295
0.841931
1.065569
1.053661
0.928852
0.932738
0.901514
0.832183
0.934616
0.850529
0.874676
0.897914
0.938397
0.888003
0.925433
0.717997
0.986431
0.817226
0.910911
0.751475
0.934702
0.953679
0.909787
0.785322
0.931335
0.738218
0.953676
0.894215
0.912399
0.901981
0.880178
0.909482
0.954132
0.930421
1.008213
0.892370
0.937058
0.984145
0.920177
0.936736
0.974433
0.845361
0.896981
0.818922
0.885481
0.959171
0.942013
0.965196
0.882636
0.901205
0.832704
1.026523
0.962463
0.925381
0.974368
0.918037
1.008377
0.953360
0.995977
0.754450
0.955823
0.952042
0.701704
0.994633
0.929385
0.924740
0.926815
0.872504
0.899634
1.000067
0.902982
0.968079
0.977161
0.861529
0.822322
0.971742
0.881293
0.860711
0.925023
0.744300
0.927461
0.955025
0.910023
0.981603
0.933268
0.947911
0.961981
0.980071
0.871009
1.037197
1.005171
0.893647
0.837303
0.970015
0.902753
0.830436
0.923595
0.993331
0.935885
0.875046
0.965061
0.882133
0.915687
0.909831
0.820631
0.881615
0.886966
1.039046
0.953211
0.849092
0.897988
0.937503
1.016524
0.947892
0.771603
0.908411
0.959574
1.083666
1.021046
0.967658
0.925600
0.942333
0.956845
0.972131
0.841340
1.066223
0.948660
0.901728
0.955489
0.939568
1.078551
1.017528
1.059367
0.962746
0.994695
0.916184
0.866892
0.931461
0.911217
0.869036
0.948937
0.941589
0.853667
0.911760
0.982508
0.939098
0.848982
0.918080
0.937935
0.862330
0.931050
0.921548
0.868863
0.958743
0.895842
0.909215
1.107099
0.815605
0.929020
0.932268
0.869230
0.832282
1.037047
0.909046
0.931287
0.922413
0.787441
0.753615
0.892021
0.968415
0.851350
0.904189
0.746350
0.711382
0.966511
0.907149
0.920037
0.943335
0.916066
0.974424
0.996790
0.857189
0.975541
0.853736
0.906713
0.990229
0.933333
0.962696
0.948041
0.989559
0.971703
0.903344
0.763565
0.926589
0.889648
0.910087
0.935980
1.001348
0.842917
1.010471
0.854256
0.892457
0.835077
1.028108
0.994213
0.891368
0.881050
0.971540
0.947849
0.966471
0.861498
0.853705
0.767611
0.878587
0.964125
0.926374
0.876366
1.056885
0.892498
0.927728
0.964168
1.033307
0.719704
0.968327
0.926910
0.747304
0.950413
0.918424
0.888481
0.872888
0.951133
0.945863
0.720752
0.980938
0.927652
0.866139
0.925769
0.905552
0.936252
0.969630
1.001151
0.964837
0.892726
0.941420
0.739829
0.966651
1.033355
0.952890
0.904731
0.895580
0.827571
0.924019
0.935588
0.877852
0.930009
0.574431
0.922268
1.014066
0.826638
0.843802
0.791463
0.908569
0.875574
0.612439
0.768335
0.866759
0.880886
0.941615
0.794777
0.988414
0.942169
0.898872
0.893867
0.729980
0.843066
0.948779
0.853577
0.762699
0.892489
0.976377
0.867435
0.882996
0.963048
0.883180
0.952765
0.982130
1.077374
0.924186
0.904246
0.733729
1.007708
0.841319
0.963189
0.915986
0.791001
0.883459
0.871704
0.891343
0.946135
0.942169
0.998608
0.855830
0.864934
0.926551
0.932045
0.945359
0.899875
0.852351
0.933607
0.956630
0.873278
0.874365
1.007409
1.023567
0.962561
0.887682
0.929173
0.938873
0.965291
1.004007
0.900072
0.824738
0.902860
0.850391
0.912785
0.978725
0.945882
0.954000
0.891730
0.979459
0.795960
0.872522
0.970999
1.007730
0.983248
0.990402
0.870818
0.865954
0.918001
0.913609
0.934699
0.967234
0.922179
0.990890
0.952080
0.973958
0.946541
0.958170
0.875725
0.947514
0.851607
0.884659
0.730198
0.870584
0.886709
0.936863
0.900576
0.848008
0.628741
0.919696
0.914547
0.923774
0.793880
0.857420
0.906480
0.897099
0.908583
0.978262
0.922963
0.938093
0.941519
0.950204
0.993148
0.950090
0.903123
0.888948
0.872318
0.758719
0.892251
0.822598
0.931521
0.912814
0.809403
0.756958
0.993516
0.928042
0.911199
0.899296
0.988340
0.797576
0.887023
0.967238
0.925464
0.982659
0.954676
0.968023
0.979210
0.884436
0.760931
0.911865
0.974215
0.910205
1.021718
0.906975
0.926830
1.080557
0.971914
0.935728
0.995928
0.990693
0.884740
0.943189
0.888574
0.899930
1.022954
0.929155
0.935777
0.837479
0.948412
0.909985
0.846884
0.719676
0.838745
0.933802
0.962521
0.928554
0.925066
0.878935
0.612721
1.124672
0.714424
1.004733
0.939151
0.850079
0.952486
0.845058
0.743426
1.020709
0.983093
0.900224
0.893266
1.005842
0.915417
0.874056
0.996607
0.906178
0.908523
0.879535
0.883355
0.953724
0.902736
0.786364
0.967522
0.959605
0.896535
0.874925
0.924195
0.879690
0.898362
0.930375
0.915068
0.908691
0.920314
0.964352
0.887897
0.900066
0.864331
0.955644
0.927256
0.656685
0.886736
0.851696
0.841610
0.852881
0.883205
0.891108
0.893333
0.859218
0.922881
0.900045
0.925749
0.932825
0.956358
0.971533
0.878032
0.835665
0.915499
0.763663
0.906694
0.924892
0.925836
0.876747
0.900729
0.955248
0.830005
0.898364
0.981763
0.918111
0.894208
0.969210
0.862852
0.944930
0.948647
0.896930
0.877997
0.921728
0.925913
0.812962
0.788719
0.853873
1.007836
0.969493
0.933419
0.872537
0.849269
1.036602
0.766446
0.715511
0.827920
1.026677
0.944062
0.871793
0.903059
0.977439
0.854289
0.898207
0.997398
1.005674
0.850742
0.747678
0.977372
1.072997
0.910448
0.926134
0.981679
0.947788
0.871080
0.840674
0.920315
0.841881
0.930084
0.875190
0.973587
0.958583
0.893302
0.895632
0.898072
0.836736
0.954649
1.002819
1.013394
0.989352
0.969572
0.985021
0.940213
0.909227
0.908400
1.003542
1.012524
0.905106
0.845436
0.858370
0.832486
0.870392
0.873932
1.082160
0.874838
0.894097
0.924889
1.040684
0.921429
0.882119
0.931243
0.874833
0.879496
1.034494
0.772820
0.969049
0.922330
0.888403
0.734469
1.012180
0.872003
0.926124
0.886128
0.961470
0.908286
0.856914
0.968279
0.965085
0.958421
1.049846
0.995283
0.768624
1.059558
0.901724
0.960617
0.924253
0.948215
0.769276
0.939442
0.967698
0.763699
0.868229
0.894215
0.955982
0.940776
0.964099
0.936942
0.837125
0.987613
0.971223
0.954483
0.862719
0.707158
0.764808
0.839467
0.929417
0.906392
0.935214
0.933360
0.909238
0.981714
1.003538
0.925669
0.925524
0.968294
0.967278
0.751252
0.903574
0.816666
0.823205
0.905637
0.909047
0.902992
0.777588
0.928889
0.931640
0.783732
0.976111
0.948040
0.925786
0.904773
0.926395
0.969986
1.012276
0.881319
0.874499
0.998502
0.933201
0.953297
0.860682
0.916243
0.921805
0.901557
0.869849
0.899007
0.903992
0.905698
1.026460
0.832313
0.954842
0.984829
0.891280
0.901244
0.719559
0.599613
0.927887
0.921508
0.899970
0.917811
0.833736
0.889943
0.995410
0.877825
0.739731
0.923188
0.937287
0.998541
0.891333
0.945524
0.916417
0.885175
0.788023
0.872255
0.842165
0.883117
0.871391
0.942927
0.821475
0.992288
0.738758
0.930540
0.961977
0.897147
0.961093
0.911663
0.992822
0.868800
0.852351
0.959688
0.982718
0.982518
0.910722
0.957249
0.728407
1.026565
0.920389
0.885398
0.926900
0.900761
0.978352
0.858116
0.827577
0.829758
0.844319
0.913094
0.999794
0.832319
0.762321
0.915231
0.972086
0.917518
0.863940
0.949733
0.859578
1.011461
0.943969
0.887140
0.948275
0.892309
0.979811
0.856376
0.980705
0.937864
0.926017
0.902958
0.843655
0.948520
0.877973
0.907207
0.886856
0.881325
0.934006
0.940323
0.922268
0.895124
0.938997
0.940582
0.856316
1.049675
1.068611
0.999700
0.996828
0.795229
0.827486
0.936289
0.812564
0.876383
0.940141
0.987423
1.017421
0.853736
0.758322
0.941925
0.918010
0.926260
0.766902
1.012451
0.976121
0.928659
0.957416
0.892789
0.927453
0.938918
0.976781
0.774531
0.931558
0.886003
0.879409
1.036866
0.936227
0.907348
0.938408
0.937140
0.891770
0.762415
0.593110
0.986026
0.902902
0.959934
0.915825
0.906683
0.605191
0.981879
1.004313
0.982838
0.910166
0.740583
0.902671
0.839192
0.858639
0.948228
0.910167
0.905924
0.915187
0.976449
0.960868
0.989646
0.976575
0.866320
0.873077
0.990372
0.870362
0.887572
0.909237
0.937701
0.745808
0.962296
0.864629
1.011624
0.872827
0.952954
0.762344
0.975717
0.689505
0.961690
1.010273
0.956889
0.759091
0.862199
0.736868
0.968942
0.877754
1.055299
0.885057
0.891585
0.955021
0.925765
0.942824
0.881575
0.876861
0.823969
0.767607
0.953804
0.956986
1.001552
0.897818
0.892832
0.887886
0.982312
0.913054
0.930306
0.735036
0.935229
0.913000
0.914123
0.931833
0.877517
0.920604
0.926195
0.925462
0.844053
0.966589
0.715594
0.936302
0.927929
0.886093
0.879128
0.930234
0.974746
0.857139
0.857002
0.974202
0.919962
1.007344
0.822197
0.828061
0.969805
0.959846
0.906508
0.867059
0.864916
0.904021
0.745985
0.970462
0.968577
0.937448
0.901136
0.920042
0.824992
1.062315
0.923106
0.899627
0.897423
0.890309
0.947916
0.880470
0.848058
0.752625
0.870613
0.912130
0.895118
0.956348
0.753242
0.958208
0.950760
0.972432
0.905989
0.853339
0.906832
0.855161
0.925161
0.824710
0.880187
0.926721
0.871626
0.890132
0.932003
0.967603
0.924454
0.906115
0.867726
0.905350
1.010929
0.985661
0.921007
0.886390
0.962296
0.918488
0.914790
0.859938
0.856074
0.946718
0.882578
0.902225
0.850218
0.939166
0.883357
0.902170
0.872372
0.949395
0.939053
0.634727
0.738479
0.843231
0.891248
0.858810
0.896185
0.929329
0.975216
0.863526
0.910341
0.734027
0.886619
0.736540
0.889998
0.722014
0.620211
0.610574
0.992590
0.786775
0.725770
0.892049
0.899349
0.957221
0.837462
0.989399
0.905688
0.730133
0.835141
0.927959
0.767046
0.879285
0.951994
0.962433
0.901708
0.959558
0.887800
0.908537
0.941350
0.786346
0.988662
0.923214
0.924042
0.926575
0.865164
0.836844
0.955129
0.858651
0.929212
0.693992
0.978484
0.925990
0.911770
0.959647
0.943150
0.914023
0.898956
0.975306
0.949277
0.899541
0.876064
0.784218
