0.8787
0.9488
1.0052
0.9186
0.8347
0.9936
0.9820
0.8706
0.9058
0.9016
0.9217
0.9482
0.9034
0.8998
0.9126
0.9350
0.9274
0.9289
0.9237
0.9113
0.8825
0.8983
0.9980
0.9341
0.8374
0.8565
0.9477
0.8593
0.9170
0.9384
0.8621
0.8831
0.8977
0.9126
0.9268
0.9689
0.8735
0.9467
0.9520
0.8910
0.8559
0.9022
0.9306
0.9769
0.6892
0.9383
0.9819
0.9828
0.8901
0.8665
0.9936
0.9155
0.8369
0.9487
0.9018
0.9394
0.9936
1.0145
0.9594
1.0114
0.9362
1.0017
1.0403
0.8605
0.9758
0.8965
0.9383
0.8655
0.9103
0.9922
0.9210
0.8574
0.9291
0.8915
0.9128
0.9264
0.9133
0.9198
0.9985
0.7695
0.7575
0.8892
0.9017
0.9561
0.9643
0.8897
0.9167
0.8779
0.9811
0.8839
0.9846
1.0228
0.8539
0.9539
0.8938
0.9421
0.8970
0.9659
0.9082
1.0346
0.9034
0.9565
0.7847
1.0136
0.9206
0.9252
0.8621
0.9225
0.9177
0.8921
0.9221
0.7993
0.8601
0.9028
0.9562
0.8013
0.8146
0.9133
0.8813
0.9161
0.9289
0.9836
0.9381
0.9019
0.9858
0.9158
0.9291
0.8525
0.9793
0.9120
0.8281
0.9629
0.8532
0.9102
0.9426
0.7761
0.9251
1.0142
0.8377
0.8736
1.0366
0.8752
0.7368
0.7194
0.8739
0.9052
1.0015
0.9665
0.7263
0.8667
0.7383
0.9219
0.9141
0.8449
0.8893
0.8787
0.9168
1.0036
0.9106
0.8762
0.8197
0.8908
0.9894
0.9128
0.9802
0.8578
0.8763
0.9091
0.9495
0.9618
0.8510
0.8876
0.9737
0.9918
0.8971
0.9225
0.8964
1.0096
1.0061
0.9801
0.9000
0.8511
0.8175
0.9133
0.9815
0.8680
0.8898
0.9366
0.8354
0.9858
1.0730
0.9853
0.9019
0.9112
0.8182
0.8663
0.8860
0.9010
0.8846
0.9511
0.9499
0.8763
0.9314
0.9313
0.8850
0.8065
0.8756
0.9575
1.0035
0.8942
0.9376
0.9434
0.8556
0.8986
0.9169
0.8807
0.8970
0.9346
0.9695
0.9208
0.7461
0.9028
0.8558
0.9074
0.8647
0.9393
0.9205
0.7563
0.8892
0.9140
0.9134
0.9245
0.9475
0.8673
0.9356
0.8944
0.8681
0.7622
0.9404
0.8377
1.0035
0.9329
0.9177
0.7487
0.9281
0.7488
0.9432
0.9328
0.8313
0.9408
0.9480
0.8913
0.7336
0.8951
0.7509
0.7560
1.0177
0.9721
0.9279
0.7446
0.9702
0.7302
0.9820
0.8341
0.9078
0.8989
0.8934
0.9211
0.8758
0.9612
0.8687
0.8388
1.0011
0.9828
0.8519
1.0169
0.8739
0.8806
0.7713
0.8252
0.8782
0.9664
0.8366
0.9120
0.9171
0.8388
0.9769
0.9708
0.8795
0.8640
0.9007
0.7210
1.0690
0.9231
0.9293
0.9779
0.8522
0.8739
0.8986
0.7634
0.9164
0.9574
0.9679
0.9753
0.9471
0.7608
0.8986
0.7014
0.7471
0.8878
0.9311
0.8889
0.8124
0.9584
0.9126
0.7511
0.7642
0.8169
0.8973
0.9584
0.8600
0.9282
0.9365
0.9767
0.9418
0.9333
0.7546
0.8933
0.9646
0.8429
0.9900
0.8895
0.8986
0.8576
0.9942
0.9049
0.9750
0.9962
0.9112
0.9775
1.1078
0.9985
1.0107
0.9346
0.9163
0.9072
0.9023
0.9200
0.9905
0.8349
0.8521
0.8435
0.7406
0.9965
0.7248
0.9388
0.9506
0.9417
1.0094
0.9121
0.8759
0.9000
0.8745
0.8656
0.8995
1.0380
0.9708
0.8954
0.9717
0.9710
0.9050
0.9735
0.9290
1.0074
0.9357
0.9224
0.9748
0.8366
0.8925
0.8347
0.9289
0.8940
1.0033
0.8915
0.8565
0.8731
0.9759
0.8787
0.9322
0.9520
1.0114
0.9244
0.8856
0.8665
0.7489
0.8281
0.9522
0.8711
0.9134
0.9247
0.9230
0.8953
0.7753
0.9711
0.8648
1.0365
0.9588
0.8848
0.7645
0.8256
0.9545
0.8436
0.9498
0.8866
0.9174
0.8675
0.9016
0.7664
0.8366
0.7626
0.8820
0.8891
0.7489
0.8837
0.9407
0.9488
0.9001
0.7637
0.9088
0.9415
0.9271
0.8605
0.8791
0.9385
0.9054
0.8700
0.9066
0.9422
0.9652
0.9166
0.9177
0.8995
0.9541
0.9621
0.8655
0.9074
0.8375
0.8685
0.9115
0.7720
0.9890
1.0089
0.8518
0.9031
0.9545
0.9281
0.8017
0.8820
0.9096
0.6175
0.8573
0.8866
0.9842
0.5708
0.9021
0.8863
0.9975
0.8912
0.9353
0.8630
0.8286
0.9088
0.8929
0.8697
0.9474
0.8813
0.9523
0.9456
0.9765
0.9362
0.9047
0.9326
0.9911
0.9520
0.9556
0.8399
0.9972
1.0124
0.7677
0.9482
0.9357
0.9016
0.8837
0.9705
0.9150
0.9437
0.9229
0.9505
1.0220
0.9949
0.9220
0.8870
0.9502
0.9065
0.8392
0.8739
0.9525
0.8698
0.9346
0.9806
0.8608
0.8850
0.9987
0.9593
0.7788
0.9309
0.8711
0.9139
0.8842
1.0105
0.8052
0.7749
0.9067
0.7671
0.7398
0.9477
0.6911
0.9825
0.9077
0.7396
0.9386
0.7788
0.7583
0.8170
0.5990
0.9117
0.8605
0.9588
0.9148
0.9474
0.8791
0.8772
0.8820
0.8763
0.9506
0.9081
0.8348
0.8860
0.9777
0.9451
0.9065
0.8838
0.6064
0.9615
0.7734
0.7656
0.9208
0.9823
0.8400
0.8884
0.8774
0.9293
0.8514
0.9474
0.8482
0.9856
0.9200
0.9037
0.9448
0.7556
0.8068
0.9208
0.8599
0.9117
1.0267
0.8992
0.8916
1.0234
1.0145
0.8810
0.9144
0.8846
0.8619
1.0175
0.9718
0.9115
0.9000
0.9497
0.9078
0.9519
0.8956
0.8315
1.0019
0.9053
1.0462
0.9219
0.9604
0.7374
0.8994
0.9554
0.8315
0.9225
0.9236
0.9230
0.8991
1.0818
0.8256
0.8979
0.9872
1.0375
0.9335
0.7396
0.9190
1.0175
0.8970
0.8147
0.8687
0.8343
0.9055
0.9271
0.9780
0.9502
0.9375
0.9474
1.0012
1.0425
0.9072
0.9494
0.9375
0.9628
0.8863
0.7577
1.0308
0.8479
0.9042
0.8335
0.9262
0.7448
0.9122
0.7277
0.9518
0.9334
0.9862
0.9636
0.9423
1.0118
0.9653
0.8863
0.9141
0.9710
0.9860
0.9932
0.9464
0.8491
0.8734
0.9129
0.8788
1.0403
0.8761
0.9799
0.7761
0.8066
0.9554
0.8048
0.7677
0.9064
0.8914
0.8613
0.9674
0.9471
0.9025
0.9573
0.7332
0.8697
0.9667
0.8677
0.9869
0.9176
0.8995
1.0031
0.7346
0.7607
0.8683
0.9741
0.9253
0.9102
0.8853
0.7517
0.8955
1.0091
0.9636
0.9365
0.7994
0.9941
0.8830
0.9962
0.8980
0.9115
0.9310
0.9357
0.9922
0.7866
0.9436
0.8331
0.8705
0.9909
0.8271
0.7964
0.9078
0.8799
0.9750
0.9810
0.9987
0.8661
0.9920
0.9593
1.0018
0.9385
0.9847
1.0174
0.5977
0.8406
0.9861
0.9432
0.9792
0.9626
0.9503
0.9530
0.8819
0.9654
0.9388
1.0034
0.9010
0.9448
0.9000
0.9461
0.9623
0.9414
0.9629
0.8495
0.9326
0.9012
0.9150
0.8348
0.9691
0.8949
0.9377
0.8948
0.9279
0.9021
0.9572
0.9871
0.8400
0.9107
0.8461
0.9087
0.8916
0.6127
0.9595
0.9632
0.9252
1.0699
0.8969
0.9247
0.8753
0.8734
0.8678
0.8369
0.7978
0.8683
0.9146
1.0971
0.9478
0.8486
0.8914
0.9742
0.8680
0.8108
0.8683
0.7181
0.9311
0.8179
0.8286
0.9520
0.9775
0.9373
0.9328
0.9709
1.0115
0.9557
0.8855
0.9429
1.0346
0.9130
1.0211
0.8656
0.9251
0.9017
0.8997
0.7934
0.8607
0.8850
0.9863
0.8927
0.9092
0.8819
0.7496
0.7929
0.8941
0.9708
0.9129
0.9633
0.8768
0.9356
0.7663
0.8439
0.8417
0.8406
0.9364
0.8728
0.8731
0.8997
0.7729
0.9048
0.9174
0.9936
0.9016
0.9208
0.8704
0.8362
0.9380
0.8844
0.8439
0.8009
0.9621
0.8507
0.9160
0.9305
0.6064
0.9511
0.9012
0.9269
0.7406
0.9504
0.9244
0.8659
0.8190
0.8769
0.9504
0.9533
0.8947
0.9280
0.9753
0.9389
1.0332
0.9808
0.9269
0.8740
0.8121
0.7602
0.8991
0.9224
0.8864
0.9766
0.9111
0.8779
0.8711
1.0053
0.8511
1.0155
0.9004
0.8769
0.9640
1.0001
0.8769
0.9631
0.8858
0.9983
0.8800
0.9651
0.7556
0.9133
0.8864
0.9495
0.9862
0.7847
0.9032
0.9513
0.8807
0.9380
0.9434
0.9692
0.9577
0.8436
0.9388
1.0053
0.9297
0.9023
0.9554
1.0376
1.0225
0.9982
0.8404
0.8771
0.9554
0.9860
0.8345
0.7253
0.7710
0.8532
0.9656
0.9110
0.8953
0.8449
0.9140
0.8433
0.9509
0.8837
1.0062
0.9603
0.9432
0.8386
0.9259
0.9526
1.0368
0.9605
0.8766
0.8224
0.9535
0.9185
0.9513
0.9541
0.8989
0.9536
0.9393
0.8968
0.7777
0.9334
0.7283
0.9684
0.9069
0.9651
0.7837
0.7609
0.6385
0.8776
0.9667
0.9089
0.9735
0.9145
1.0340
0.7963
1.0220
0.8582
0.9012
0.9138
0.9782
0.9938
0.8809
0.9647
0.8947
0.8884
0.9962
0.7487
0.9252
0.9447
0.9052
0.9497
0.8524
0.8925
0.9305
0.9059
0.7714
0.7332
0.9911
0.7478
0.9226
1.0486
0.8519
0.8898
0.9187
0.9330
0.8574
0.7344
0.9814
0.9480
0.9328
0.9083
0.9676
0.7648
0.8746
0.9520
0.8582
0.8896
0.9428
0.8995
0.9263
0.8777
0.7784
0.9283
0.7512
0.9546
0.8684
0.8788
0.8108
0.9110
0.8080
0.7344
0.7762
0.8323
0.9058
0.9602
0.9538
0.9910
0.9016
0.8619
0.9633
0.9575
0.9418
0.8697
0.8295
0.8340
0.8613
0.8968
0.7895
0.9949
0.8813
0.5743
0.9053
0.7181
1.0142
0.9097
0.9863
0.9814
0.8396
0.9740
0.9450
1.0076
0.8433
0.9767
0.9523
0.9129
0.8346
0.8881
0.8617
0.9985
0.9638
0.9463
0.7721
0.9235
1.0150
0.8450
0.9205
0.8878
0.9869
0.9629
0.9058
0.9115
0.9302
0.7806
0.8881
0.8662
1.0646
0.9039
0.7560
0.9527
0.8600
0.9456
0.9042
0.9118
0.9410
0.8551
0.9238
0.8537
0.9102
0.8004
0.9112
0.7096
0.8603
0.9573
0.9609
0.9464
0.8373
0.9323
0.9249
0.7713
0.9306
0.9200
0.9493
0.9080
0.6892
0.9054
0.8313
0.8093
0.8390
0.9357
0.8559
0.8480
0.7544
0.9224
1.0137
0.8965
0.9133
0.9200
0.9072
0.8935
0.9238
0.8567
0.9129
0.9412
0.9780
0.9654
0.9197
0.9464
0.9592
0.7356
0.9479
0.9058
0.9335
0.7349
0.9777
0.9558
0.9174
0.8162
0.9908
0.9667
0.9636
1.0009
0.8997
0.7749
0.7496
0.9851
0.8736
0.9071
0.9341
0.9919
0.8898
0.9231
0.9673
0.9851
0.8080
0.9657
0.9628
1.0059
0.9682
0.9810
0.8785
0.9010
0.9204
0.9398
0.9526
0.8673
0.7302
0.9450
0.9710
0.9703
0.9306
0.9121
0.8373
0.9072
0.9477
0.8443
0.9719
0.9431
0.9799
1.0539
1.0211
0.8853
0.8894
0.9827
0.9328
0.9097
0.8661
0.9520
0.9062
0.9169
1.0445
0.9488
0.9225
0.9432
0.8851
0.9595
0.9788
0.9394
0.8868
0.8901
0.9871
0.8627
0.8158
0.8422
0.9290
0.7455
0.9450
0.9827
0.9392
0.9370
0.9324
0.8675
0.8720
0.9713
0.8839
0.8149
0.8850
0.9458
0.8956
0.8956
0.9030
0.9585
0.8053
0.8659
0.9445
0.9702
0.9574
0.9161
0.9432
0.9151
0.7517
0.9112
0.8313
0.9783
0.6055
0.8803
1.0144
0.8816
0.9392
0.9535
0.9123
0.9266
0.9092
0.8517
0.9796
0.9041
0.9047
0.8683
0.8629
0.8994
0.8457
0.8769
0.8838
0.9833
1.0017
0.9531
0.8764
0.9251
0.8148
0.8717
0.8855
0.9211
0.9689
0.9940
0.9815
0.9667
0.8962
1.0136
0.7702
0.9349
0.8764
0.9077
0.9452
0.9594
0.9481
0.9774
0.9238
0.8949
0.8664
0.9177
0.9417
0.8961
0.9909
0.9020
1.0697
0.8412
0.9084
0.8992
0.9308
0.9667
0.9353
0.9018
0.8765
0.9160
0.9065
0.7583
0.9328
0.9665
0.9643
0.9905
0.9111
0.9842
0.9949
0.9592
0.9067
0.8355
0.8961
0.9330
0.9739
0.8630
1.0000
0.9332
0.9289
0.9110
0.9229
0.9164
1.0013
0.8868
0.9188
0.9350
0.7963
0.9742
0.9360
0.9796
0.9379
0.9360
0.9744
0.9665
0.8360
0.8979
0.9346
0.9278
0.8175
0.7162
0.6317
0.9505
0.9421
0.9136
0.9181
1.0122
0.8204
0.9222
0.9370
0.9043
0.9709
0.9666
0.9246
1.0298
0.8598
0.8971
0.8761
0.9842
0.9580
0.9996
0.8673
0.8522
0.8087
0.9863
0.9114
0.8998
0.9713
1.0091
0.9580
0.9683
0.8823
0.9282
0.9364
0.9461
0.9149
0.8265
0.9037
0.9776
0.8849
0.9224
0.8294
0.5996
0.9023
0.8694
0.9806
0.9051
0.8335
0.9235
0.8895
0.9183
0.6911
0.8961
0.8065
0.9168
0.9282
0.7795
0.8695
0.8644
1.0431
0.9407
0.9729
0.8439
0.9460
0.9349
0.9569
0.9410
0.8286
0.9684
0.8643
1.0724
0.8208
0.9763
0.9117
0.9461
0.9963
1.0601
0.8046
0.9356
0.9806
1.0046
0.8954
0.8578
0.9686
0.7374
0.9820
0.9429
0.9501
0.9078
0.9511
0.9356
0.7491
0.7418
0.5959
0.8491
0.7407
0.9271
0.8993
0.8579
0.9555
1.0350
0.7828
1.0199
0.9303
0.7181
0.8545
1.0211
0.7761
0.9496
0.8715
0.8795
0.9827
0.9932
0.9585
0.9180
0.9809
0.9700
1.0432
0.9324
0.8858
0.8252
0.7417
0.8080
0.9342
0.8200
0.9702
1.0340
0.8769
0.9264
0.9276
0.9705
0.7071
1.0109
0.9431
0.9423
0.9810
0.9859
0.7862
0.9359
0.7812
0.9134
0.9077
0.9267
0.9737
0.8972
0.9350
0.9069
0.9181
0.9057
1.0209
0.9082
0.9123
0.9133
1.0037
0.9422
0.8992
1.0047
0.9136
0.9255
0.9523
0.9091
0.8771
0.8956
0.8356
0.8787
0.8830
1.0122
1.0013
0.9205
0.8834
0.9293
0.8956
1.0285
0.9010
0.8785
0.8997
0.9136
0.9941
0.7642
0.9019
0.9998
0.8155
0.9316
1.0011
0.9115
0.9315
0.9167
0.7993
1.0813
0.9295
0.9192
0.9769
1.0308
0.9089
0.9169
0.8961
0.8656
0.8763
0.9062
0.7508
1.0129
0.8656
1.0053
0.9139
0.9055
0.8360
0.9047
0.9923
0.8917
0.9705
0.9649
0.9868
0.9554
0.8487
0.7544
0.7480
0.9101
0.9140
0.7603
0.9148
0.8891
0.8409
0.9798
1.0246
0.9537
0.9825
0.9819
0.9410
0.8896
0.9232
0.9903
1.0211
0.9947
0.8779
0.9503
0.9142
0.9659
0.9289
0.8521
0.9160
0.7568
0.9735
0.9080
0.8259
0.9567
0.9074
0.8281
0.9932
0.9264
0.9674
0.9341
0.8943
0.9528
0.8507
0.8978
0.8901
0.8960
0.9818
0.9115
0.6773
0.9247
0.8812
0.9042
0.9208
0.9427
0.7695
0.8811
0.8897
0.9571
0.8784
0.8780
0.9718
0.9968
0.7865
0.8406
0.8745
0.9753
0.9537
0.8988
0.9289
0.8769
0.8877
0.7563
0.9263
0.9652
0.7713
0.9289
0.9465
0.9617
0.9166
0.8926
0.8504
0.9433
0.8866
0.9319
0.9464
0.9697
0.9254
0.9273
0.9010
0.9297
0.8179
0.9018
0.8269
0.8765
0.9366
0.9037
0.9111
1.0409
0.8229
0.9117
0.7349
0.8933
0.9710
1.0137
0.9734
0.8734
0.9043
0.5743
0.9161
0.8004
0.9461
0.8518
0.9119
0.9375
0.7535
0.9262
0.9372
0.8940
0.8382
0.9225
0.8747
0.9455
0.8783
0.8894
1.0397
0.7029
0.8453
0.9742
0.8878
0.9339
0.9145
0.9324
0.7356
1.0016
0.8665
0.8898
0.8890
0.8616
0.8894
0.9450
0.9784
0.9102
0.9271
0.8378
0.8629
0.9651
0.8463
0.9857
0.9269
0.9275
0.9626
0.9002
0.8197
0.9388
0.8160
0.8776
0.7647
0.9305
0.8080
0.8754
0.8608
0.9386
0.9563
0.8968
0.5599
0.9287
0.8695
0.9333
0.5612
0.9302
0.9042
0.9585
0.8624
0.9476
1.0608
0.8211
0.8627
0.8582
0.7292
1.0116
0.9289
0.9967
0.8949
1.0174
0.8748
0.9660
0.9635
1.0115
0.9244
0.9407
0.7572
0.7546
0.8715
0.9184
0.9529
1.0539
0.9710
0.9517
0.9501
0.8932
0.8932
0.8938
0.9454
0.8590
0.7386
0.9728
0.9306
0.9125
0.9389
1.0175
0.9290
0.7630
0.8882
0.9792
0.7597
0.9597
0.8842
0.9662
0.9691
1.0338
0.9343
0.9058
0.9262
0.8571
0.9216
0.9360
0.8809
1.0549
0.8619
1.0340
0.8952
0.9022
0.7831
0.9527
0.9160
0.8903
0.9856
0.7575
0.9486
0.9316
0.7764
0.9909
0.8863
0.8850
0.8656
0.9831
0.8331
0.8517
0.9107
0.9783
0.9432
0.9825
0.7597
0.9797
0.7553
0.9337
1.0075
0.8792
0.6394
0.8864
0.9913
0.9554
0.9080
0.8788
0.8363
0.9356
0.8645
0.9192
0.8881
0.8495
0.9636
0.9037
0.9103
0.9525
0.8399
0.8855
0.9379
0.8736
0.9315
0.8358
0.9798
0.9857
0.9636
0.8652
0.9096
0.8353
0.8341
0.8908
0.8628
1.0038
0.6998
0.9474
0.7478
0.8313
0.8870
0.8763
0.8665
0.8998
0.9172
1.0322
0.9148
0.8757
0.9507
0.8929
0.9129
0.9123
0.9801
0.8680
0.8941
0.9026
0.9434
0.9398
0.9709
0.8853
0.8877
0.9414
0.8786
0.9479
0.9968
0.8696
1.0022
0.9823
0.8841
0.8370
0.6990
0.7622
0.9199
0.8208
0.8944
0.8928
0.8892
0.9186
1.0368
0.9049
0.8850
0.9278
0.8936
0.7894
0.8930
0.8627
0.9573
0.8739
0.8719
0.9214
0.9574
0.5996
0.9153
0.8710
0.9427
0.9112
0.8904
0.8455
0.8629
0.8030
0.8601
0.9700
0.8756
0.7317
0.9881
0.7763
0.9174
0.9321
0.9062
0.9082
0.9044
0.8647
0.9469
0.7630
0.8715
0.9221
0.9541
0.9335
0.9922
0.7603
0.8755
0.8593
1.0211
0.9555
0.8170
0.8696
0.9217
0.9837
0.7607
0.9770
0.8558
0.9345
0.9357
0.9163
0.9168
0.8805
0.9289
0.8809
0.5494
0.9454
0.9702
0.7985
0.8461
0.9792
0.9270
0.8988
0.9682
0.8671
0.8146
0.8364
0.8691
0.8792
0.9682
0.7556
0.9102
0.9571
0.9097
0.8297
0.9116
0.9967
0.9252
0.9220
0.9634
1.0294
1.0153
0.8791
0.8121
0.9297
0.9612
1.0137
1.0137
0.8240
0.8390
0.9614
0.9293
1.0434
0.8472
0.9669
0.9130
0.9142
0.8532
0.8313
0.8763
0.7061
0.9684
0.9661
0.9558
0.9536
0.9020
0.9225
1.0127
0.9754
0.9091
0.8805
0.8660
0.9684
0.8431
0.8560
0.9628
0.9448
1.0011
1.0397
0.9426
0.9434
0.8365
0.9593
0.9207
0.8610
0.8519
0.9160
0.9507
0.8250
0.9264
0.9332
0.9925
0.8423
0.8777
0.8598
0.9761
1.0332
0.8361
0.6337
0.9280
1.0971
0.9142
0.9218
0.9418
0.7283
0.9627
1.0281
0.8366
0.8678
0.8930
0.8362
0.8257
0.9088
0.9049
0.7258
0.8966
1.0078
1.0434
0.8798
0.9831
0.9138
0.8147
0.8712
0.8824
0.9504
0.8167
0.8326
0.8995
0.8768
0.9155
0.9426
0.9362
0.6141
0.9616
0.9447
0.8916
0.9332
0.9574
0.8753
0.8295
0.9093
0.8926
0.9212
0.7527
0.7170
0.8710
0.7994
0.8498
0.8492
0.7964
0.7386
0.8213
0.8741
0.8769
0.9487
0.9673
0.8630
0.9627
0.9026
0.8342
0.8364
0.9515
0.8490
0.9421
0.9514
0.9164
0.9128
0.9584
0.8953
0.9334
0.9270
0.9623
0.8721
0.9333
1.0078
0.9290
0.9089
0.8728
0.7333
0.9648
0.9074
0.9717
0.9317
0.8956
0.7486
0.8436
0.9243
0.9477
0.8644
0.9294
0.9862
0.9069
0.9364
0.9871
0.9499
0.9942
0.8845
0.9475
0.8630
0.8796
1.0338
0.8834
0.9458
0.8824
1.0056
0.9351
1.0096
0.8377
0.8076
0.9214
0.9211
0.9032
0.9780
0.8329
0.9380
0.7560
0.9299
0.8706
0.9735
0.9640
0.9789
0.8895
0.9346
0.7903
0.8907
0.9404
0.8898
0.9010
0.9145
0.9074
0.7230
0.8863
1.0016
0.9805
0.8795
0.9185
0.9475
0.9552
0.9102
0.9652
0.8937
0.8379
0.9349
0.9055
1.0116
0.8906
0.9386
0.9587
0.8942
0.7865
0.6705
0.8259
0.9264
0.8587
0.7192
0.9034
0.7666
0.9788
0.9265
0.9710
0.8894
0.7610
0.8492
0.7105
0.9052
0.8964
0.9512
0.9345
0.8457
0.9084
0.9330
0.9640
0.7309
0.9727
0.8575
0.8490
0.8396
0.8838
0.8682
0.8571
0.9728
0.9914
0.9761
0.8783
1.0008
0.7983
0.7488
0.9413
0.9585
0.9239
0.6278
0.9763
0.8844
0.8485
0.9054
0.9569
0.9080
0.8537
0.6992
0.8264
0.7434
0.9302
0.6090
0.9264
0.9208
0.9288
0.9138
0.9140
0.8988
0.7978
0.8762
0.9940
0.9252
0.9412
0.9321
0.9287
0.7858
0.9080
0.8646
0.9375
0.8835
0.9087
0.8947
0.7370
0.8683
0.9667
0.9356
0.8902
0.8169
0.8865
0.8850
0.9660
0.9367
0.8066
0.8599
0.8274
0.8407
0.8892
0.9247
0.8994
0.7597
0.6759
0.8791
0.9331
0.9193
0.9097
0.8282
0.9005
0.9384
0.9310
0.9005
0.9062
0.9239
0.9567
0.9231
0.8838
0.9192
0.9321
0.8915
0.9572
0.9661
0.9821
0.9258
0.9186
0.9316
0.9112
0.9171
0.9993
0.9481
0.8363
0.9200
0.9241
0.8912
0.9077
0.8986
1.0187
1.0072
0.9159
0.8932
0.5599
0.7297
0.9659
0.9161
0.8796
0.9557
0.8809
0.8817
0.7835
0.9871
0.9325
0.8412
1.0470
0.6412
0.8927
0.8598
0.9324
0.9499
0.9117
0.9110
0.9405
0.9754
0.9997
0.9341
0.9164
0.9601
0.8754
0.8694
0.8892
0.9141
0.9219
0.6339
0.8317
0.9589
0.9134
0.9232
0.8091
0.9048
0.8299
0.8892
0.9082
0.8922
0.9623
0.8448
0.8509
0.6705
0.9184
0.7790
0.8980
0.9053
0.8169
0.9467
0.8354
1.0250
1.0155
0.8484
0.9297
0.8850
0.9943
0.9426
0.9942
0.7978
0.8786
1.0021
0.9096
0.8360
0.7914
0.9472
0.8995
0.8831
0.9819
0.8682
0.9436
0.9702
0.7711
0.8386
0.9061
0.9800
0.7559
0.9713
0.9710
0.9252
0.8571
0.9250
0.9426
1.0425
0.9915
0.9618
0.9805
0.8669
0.8893
0.8436
0.9188
0.9208
0.9842
0.9224
0.8065
0.9623
0.8836
0.9190
0.9576
1.0400
0.9759
0.9427
0.9263
0.9794
0.9863
0.6175
0.9118
0.8532
0.8656
0.9702
0.9983
0.8993
0.7934
0.9149
0.9027
0.7535
0.6197
0.9784
0.8731
0.9479
0.9167
0.8615
0.9294
1.0129
0.8523
0.7602
0.9235
0.9051
0.9065
0.8895
0.9116
0.8354
0.9377
0.9029
0.8358
0.7294
0.9010
0.8804
0.9237
0.9962
0.9297
0.8791
0.8588
0.9659
0.8659
1.0666
0.9102
0.9138
0.9129
0.9405
0.9654
0.9431
1.0267
0.9145
0.8253
0.9779
0.8779
0.8852
0.9651
0.9450
0.9410
0.9958
0.8964
0.9281
0.9823
0.9106
0.8663
0.9166
0.9408
0.8889
0.9160
0.8963
0.9893
0.9797
0.9696
0.9016
0.8942
1.0040
0.9776
1.0031
0.8124
0.9394
0.7609
0.8940
1.0462
0.9595
0.9353
0.8571
0.8684
0.8268
0.9766
0.9143
0.9601
0.9385
0.8704
0.8669
0.9258
0.8836
0.9706
1.0366
0.8608
1.0387
0.9686
0.9461
0.8717
0.9041
0.9753
0.8944
0.8936
0.8627
0.9220
0.9343
0.9455
0.9257
0.7014
0.9975
0.9577
0.9067
0.7300
1.0479
0.9198
0.8330
0.9005
0.9654
0.7434
0.8858
0.9464
0.9037
0.9613
0.8928
0.8087
0.9328
0.7226
0.9472
0.8335
0.9125
0.9567
0.7572
0.9557
0.9445
0.9199
0.8973
0.8637
0.9479
0.8319
0.7158
0.8701
0.9797
0.9581
0.9311
0.9613
0.7598
0.7686
0.8544
0.7645
0.8836
0.9978
0.8770
0.7493
0.9916
0.9303
0.9751
0.8702
0.7742
0.9129
0.9919
0.9609
0.9836
0.9101
1.0622
0.9732
0.9386
0.8863
0.9515
0.7710
0.9457
0.8728
0.8949
0.9689
0.9104
0.9159
1.0346
0.9120
0.8779
0.8574
0.7333
0.9129
0.9394
0.8479
0.8338
1.0209
0.9110
0.7599
0.9598
0.8928
0.7368
0.9364
0.6306
0.9051
0.9741
0.8680
0.8905
0.9019
0.8865
0.7332
0.8664
0.6412
0.8624
0.8317
0.8995
0.9611
0.8637
0.9115
0.8561
0.9157
0.9806
1.0391
0.9954
0.9380
0.9321
0.9665
0.9890
0.9035
0.9170
0.7704
0.8349
0.8844
0.7391
0.9184
0.9350
0.8132
0.9774
0.8148
0.9235
0.9392
0.9442
0.8088
0.8787
0.9254
1.0843
0.9102
0.9531
0.8605
0.9477
0.9700
0.8997
0.9117
0.9479
0.9111
0.9141
0.8378
0.9224
1.0350
0.9916
0.8434
0.8874
0.7511
0.9726
0.8830
1.0053
0.8556
0.9188
0.8689
0.9226
1.0649
0.9116
0.5612
0.8396
0.9701
0.8753
0.8586
0.9945
0.9069
0.9145
0.9117
0.9322
0.8607
0.9243
0.9526
0.9153
0.9020
0.8617
0.8169
0.9168
1.0199
0.8681
0.8731
0.9673
0.9951
0.8167
0.9276
0.9211
0.8364
0.8423
0.9072
0.8486
0.9057
0.8785
1.0016
0.9216
0.8677
0.9316
0.8281
0.9475
0.8903
0.9302
0.9804
0.8469
0.9670
0.8728
0.8155
0.7911
0.9368
0.9349
0.9668
0.9451
0.9369
0.7866
0.8807
0.8977
0.9190
0.8752
0.8664
0.8905
0.9067
0.9349
0.7242
0.9632
0.9636
1.0479
0.6145
0.9062
0.9014
0.7865
0.9535
0.7656
0.8228
0.9030
0.8932
0.9726
0.9458
0.9125
0.9507
0.9460
0.8769
0.8683
0.9834
0.9231
0.8801
0.9161
0.7568
0.9393
0.9188
0.8600
0.9472
0.9859
1.0001
0.8995
0.8731
0.9925
0.9847
0.9403
0.9708
0.9199
0.9601
0.9388
0.7714
0.9053
0.9124
0.9345
1.0008
0.9697
0.8535
1.0666
0.8752
1.0091
0.8588
0.9651
0.8964
0.8550
0.9488
0.8324
0.8626
0.8986
0.8887
0.8686
0.9703
0.9207
0.9201
0.8495
0.9126
0.8480
0.8997
0.8177
0.8875
0.7903
0.8960
0.9014
0.8141
0.8391
0.8925
0.8726
0.9252
0.9311
0.9651
0.8548
0.9031
1.0175
0.9487
0.9928
0.9700
0.9893
0.9309
0.8660
0.7166
0.9504
0.9611
0.8532
0.8860
0.8329
0.8866
0.9574
1.0280
0.9643
0.8053
0.9750
0.9692
0.9703
0.9664
0.9213
0.8629
0.9314
0.9400
0.8689
1.0426
0.9851
0.7604
0.9717
0.9089
0.8868
0.9054
0.9209
0.8603
0.9504
0.8396
0.7115
0.7388
0.9522
0.9732
0.8968
0.8904
0.8629
0.9573
0.8947
0.8874
0.9525
0.5990
0.7900
0.9846
0.8701
0.7993
0.9169
0.9576
0.9805
0.9074
0.9104
0.9051
0.8950
0.8769
0.9399
0.9864
0.9584
0.8860
0.9458
0.9531
0.8345
0.9141
0.9575
0.8823
0.9115
0.7437
0.8340
0.8517
0.9616
0.8753
0.9255
1.0212
0.8944
0.9180
0.9823
0.9062
0.9442
0.9573
0.9793
0.8488
1.0426
0.9407
0.8489
1.0235
0.9793
0.8947
0.9642
0.8211
0.8997
0.9379
0.9190
0.9423
0.8134
1.0750
0.8788
0.8530
0.8507
0.8849
0.8951
0.9767
0.8484
0.8439
0.9120
0.7648
1.1130
0.5804
0.9240
0.8875
0.9132
0.8684
0.9081
0.9721
0.9601
0.7553
0.8677
0.9037
0.9457
0.9244
1.0153
1.0058
0.9523
0.9649
0.9005
0.9699
0.9557
0.8441
0.9002
0.9448
0.9182
0.9278
0.8517
0.9643
0.8472
0.8282
1.0578
0.8289
0.9784
0.8855
0.8508
0.8162
0.9719
0.8971
0.8913
0.9106
0.9333
0.9054
0.8627
1.0014
0.9495
1.0276
1.0091
0.9066
0.8763
0.8530
0.9231
0.8901
0.9499
0.9194
0.9373
0.7663
0.9207
0.9669
0.7914
0.9399
0.9051
0.8628
0.9071
0.9313
1.0033
0.8509
0.9493
0.9595
0.9456
0.9187
0.7294
0.7192
0.9808
0.9746
0.8918
1.0606
0.9230
0.9828
0.9915
0.8865
0.8540
0.9295
0.9525
0.8898
0.7823
0.8784
0.9810
0.9621
0.9424
0.9483
0.8761
0.9506
0.8578
0.8917
0.8608
0.9081
0.8627
0.7841
0.8818
0.8927
0.9557
0.8469
0.9511
0.9419
0.8081
0.6055
0.9129
0.9575
0.8880
0.9549
0.9488
0.9587
0.9985
0.8409
0.9487
0.8048
0.9695
0.8971
0.8509
0.8849
0.8816
0.8941
0.9058
0.9468
0.9119
0.9691
0.8347
1.0308
0.9057
0.8229
0.9114
0.9021
0.6372
0.9064
0.9703
0.9880
0.9211
0.8228
0.7602
0.9362
0.9007
0.9219
0.9192
0.9641
0.9506
1.0690
0.6759
1.0521
1.0008
0.8788
0.9618
0.8700
0.9118
0.8320
0.9343
0.7344
0.8953
0.8323
0.9701
0.9635
0.8629
0.9398
0.9538
0.9287
0.8347
0.9906
1.0952
0.9673
0.9077
0.8882
0.9545
0.8441
0.8916
0.8126
0.7610
0.9185
0.9748
0.8299
0.9784
0.9076
0.9324
0.9421
0.8913
0.9388
1.0053
0.9003
0.9253
0.8814
0.9102
1.0016
1.0976
0.7446
0.9978
1.0052
0.9186
0.7388
0.9392
0.7302
0.9115
0.7061
0.9471
0.9346
1.0308
0.8552
0.7560
1.0318
0.8393
0.8439
1.0672
1.0205
0.8917
0.9319
0.9407
0.9094
0.9158
0.7398
0.9585
0.9090
0.9960
0.9662
0.9504
0.9104
0.9423
0.9841
0.8929
1.0601
0.8627
0.9303
0.9187
0.8739
0.8689
0.8939
0.7604
0.8973
0.8759
0.9457
0.9482
0.8791
0.8543
0.8861
0.8656
0.8973
0.7649
0.9094
0.9163
0.9299
0.9517
0.9575
0.9834
0.9112
0.8813
0.9652
0.9297
0.9673
0.9649
0.8641
0.8942
0.6510
0.9346
0.9347
0.9275
0.9427
0.9077
0.8190
0.9908
0.8448
0.8370
0.9777
0.9789
0.9017
0.8329
0.8784
0.9044
0.9457
0.8956
0.9739
0.9909
0.8238
0.9947
0.9527
0.9711
0.9284
0.8960
0.7753
0.8997
0.9357
0.7603
0.9091
0.7771
0.9069
0.8392
0.9617
0.9539
0.8417
0.8548
1.0037
0.7181
0.9133
0.9177
0.8805
0.7842
0.8286
0.7417
0.8551
0.8547
0.9450
0.7636
0.8871
0.8830
0.8427
0.9902
0.8810
0.8921
0.9362
0.8432
0.9396
1.0409
0.9643
0.7258
1.0122
0.9018
0.9258
0.7448
0.9554
0.9433
0.9706
0.9316
0.9872
0.8630
0.8624
0.9096
0.9707
1.0246
0.9410
0.8673
0.9149
0.9104
0.8517
0.8061
0.8988
0.8779
0.9514
0.9267
0.9139
0.8906
0.8545
0.9201
0.8707
0.9106
0.9171
0.9818
0.8537
1.0012
0.8695
0.9227
0.9525
1.0228
0.9112
0.8933
0.8866
0.9641
1.1008
0.8932
0.9432
0.7300
0.9734
0.8791
0.8619
0.9525
0.7150
0.8968
0.7042
0.8013
0.9216
0.7711
0.9144
0.8610
0.7863
0.8980
0.9211
1.0250
1.0053
0.9325
0.9271
0.9106
0.7648
0.9496
0.9359
0.9665
0.8615
0.8943
0.9796
0.8582
1.0699
0.8326
0.9710
0.9360
0.8037
0.8616
1.0008
0.9291
0.9488
0.9358
0.9574
0.8360
0.9593
1.0020
0.9862
0.8731
0.9027
0.8915
0.9023
0.9486
0.8213
0.9145
0.8853
0.7517
0.9488
0.8165
0.9676
1.0217
0.9324
0.8809
0.6385
0.9253
0.9118
0.9855
0.8443
0.9528
0.7210
0.8745
0.7194
0.7556
0.9324
0.8313
0.9239
0.9034
0.7496
0.9150
0.7961
0.8654
0.9922
0.9567
0.9145
0.8964
0.8864
0.9461
0.9410
0.8929
0.8774
1.0078
0.9672
0.9753
0.8876
0.8627
0.8845
0.9515
0.5900
0.9089
0.9025
0.9691
0.9141
0.9284
0.7170
0.9705
0.9318
0.9603
0.9940
0.8204
0.9321
0.8758
0.8060
0.9010
0.7926
0.7554
0.9233
0.9620
0.9968
0.9474
0.9065
0.9614
0.8726
1.0169
0.9689
0.9691
0.9396
0.9700
0.9620
0.7554
0.7911
0.9475
0.8555
0.8863
1.0815
0.8728
0.9910
0.9287
0.9305
0.9414
0.9723
1.0160
0.8439
0.9333
0.9205
0.8640
0.7105
0.9472
0.9110
0.8492
0.9284
0.7812
0.8741
0.9115
0.9202
0.9212
0.7978
0.6324
0.9393
0.9809
0.9251
0.8576
0.8951
0.9017
1.0046
0.9602
0.9101
0.9268
0.8707
1.0020
1.0072
0.7763
1.0177
0.8712
0.8269
0.8532
0.8852
0.8053
0.8758
0.9844
0.8700
0.8223
0.9487
0.7764
0.9530
0.8782
0.9329
0.8904
0.8992
0.8281
0.9783
0.8683
1.0129
0.8571
0.9575
0.8525
0.8853
0.9061
0.7784
0.9315
0.8726
0.9920
0.9144
0.9107
0.9633
0.9268
0.9146
0.9174
0.7737
0.9263
0.9914
1.0110
0.9321
0.8258
0.8655
1.0212
1.0105
0.8543
0.9332
0.8603
0.9400
0.8187
0.9313
0.9821
1.0431
0.8179
0.9819
1.1183
0.9727
0.8187
0.8777
0.8951
0.9277
1.0463
1.0076
0.8689
0.9448
0.9101
0.9507
0.8856
0.8867
0.9753
0.9042
0.9788
0.8410
0.9258
0.8274
0.9640
0.8361
0.6990
0.9114
0.9260
0.8060
0.9582
0.7506
0.9584
0.8944
0.9903
0.8191
1.0608
0.9617
0.9005
1.0172
0.8765
0.8567
0.9292
0.9325
0.8579
0.6998
0.8763
0.9120
0.8968
0.8507
0.9708
0.9818
0.9317
0.8527
0.7455
0.7926
1.0000
0.8791
0.9410
0.9026
0.9231
0.5804
0.7111
0.8931
0.9717
0.9161
0.8913
0.8994
0.8654
0.8835
0.8468
0.9696
0.8455
1.0672
1.0319
0.9385
0.9117
0.8906
0.8329
0.9231
0.8560
0.8759
0.8922
0.9431
0.8693
0.9211
0.7248
0.9794
0.8165
0.9185
0.7509
0.9271
0.9557
0.9058
0.7806
0.9198
0.7509
0.9609
0.9193
0.9067
0.9260
0.8787
0.9047
0.9688
0.9203
1.0054
0.8856
0.9290
0.9921
0.9207
0.9499
0.9728
0.8340
0.9031
0.8169
0.8911
0.9568
0.9353
0.9584
0.8728
0.9053
0.8271
1.0129
0.9548
0.9166
0.9815
0.9112
0.9929
0.9509
0.9916
0.7517
0.9686
0.9624
0.6833
0.9855
0.9259
0.9208
0.9262
0.8838
0.9093
1.0033
0.9005
0.9605
0.9760
0.8774
0.8390
0.9717
0.8747
0.8842
0.9162
0.7512
0.9333
0.9346
0.9150
0.9856
0.9393
0.9557
0.9557
0.9841
0.8811
1.0368
1.0109
0.9052
0.8517
0.9759
0.8996
0.8324
0.9226
0.9949
0.9236
0.8721
0.9571
0.8911
0.9144
0.9134
0.8134
0.8927
0.8988
1.0375
0.9488
0.8540
0.9028
0.9351
1.0269
0.9506
0.7664
0.9116
0.9673
1.0853
1.0423
0.9637
0.9387
0.9626
0.9572
0.9799
0.8391
1.0662
0.9477
0.8910
0.9565
0.9474
1.0815
1.0269
1.0646
0.9648
0.9907
0.9074
0.8785
0.9418
0.9057
0.8669
0.9448
0.9533
0.8498
0.8859
0.9668
0.9335
0.8663
0.9219
0.9373
0.8753
0.9326
0.9051
0.8748
0.9494
0.8845
0.9034
1.1078
0.8258
0.9155
0.9452
0.8440
0.8323
1.0386
0.9021
0.9247
0.9262
0.7918
0.7666
0.8858
0.9705
0.8514
0.9139
0.7468
0.6974
0.9651
0.9169
0.9143
0.9633
0.9221
0.9780
1.0016
0.8603
0.9683
0.8286
0.9145
0.9967
0.9362
0.9542
0.9542
0.9774
0.9708
0.9161
0.7637
0.9198
0.8785
0.9117
0.9375
1.0089
0.8504
1.0047
0.8686
0.8956
0.8270
1.0298
0.9788
0.9080
0.8917
0.9750
0.9533
0.9618
0.8592
0.8434
0.7734
0.8756
0.9626
0.9211
0.8606
1.0649
0.8831
0.9265
0.9654
1.0376
0.7238
0.9711
0.9276
0.7529
0.9536
0.9356
0.8838
0.8684
0.9578
0.9488
0.7297
0.9810
0.9375
0.8734
0.9288
0.9201
0.9441
0.9672
0.9928
0.9797
0.8894
0.9335
0.7437
0.9525
1.0294
0.9527
0.9065
0.8848
0.8323
0.9324
0.9293
0.8715
0.9239
0.5743
0.9121
0.9967
0.8169
0.8473
0.7918
0.9022
0.8795
0.6306
0.7634
0.8674
0.8711
0.9384
0.7954
0.9774
0.9326
0.8916
0.8966
0.7150
0.8250
0.9593
0.8390
0.7704
0.8663
0.9943
0.8836
0.8768
0.9828
0.8801
0.9518
0.9782
1.0771
0.9119
0.9113
0.7346
1.0318
0.8432
0.9675
0.9249
0.7790
0.8818
0.8728
0.8991
0.9360
0.9359
0.9843
0.8550
0.8788
0.9381
0.9185
0.9478
0.8871
0.8480
0.9300
0.9512
0.8776
0.8659
0.9938
1.0112
0.9670
0.8858
0.9166
0.9341
0.9732
1.0115
0.8874
0.8364
0.8965
0.8532
0.9164
0.9861
0.9388
0.9573
0.8866
0.9828
0.7907
0.8845
0.9792
0.9906
0.9745
1.0007
0.8517
0.8590
0.9157
0.9123
0.9249
0.9692
0.9140
1.0019
0.9428
0.9537
0.9582
0.9477
0.8611
0.9536
0.8422
0.8689
0.7332
0.8753
0.8913
0.9380
0.8970
0.8413
0.6394
0.9298
0.9197
0.9300
0.7963
0.8575
0.9083
0.9061
0.9051
0.9745
0.9303
0.9398
0.9414
0.9585
0.9923
0.9533
0.9048
0.8701
0.8745
0.7649
0.8943
0.8134
0.9445
0.9004
0.7983
0.7697
0.9987
0.9427
0.9080
0.8910
0.9702
0.8068
0.8677
0.9647
0.9202
0.9965
0.9518
0.9589
0.9802
0.8806
0.7721
0.9037
0.9761
0.9047
1.0135
0.9053
0.9204
1.0832
0.9729
0.9345
0.9784
0.9993
0.8811
0.9351
0.8897
0.8867
1.0280
0.9283
0.9464
0.8379
0.9477
0.8997
0.8587
0.7115
0.8265
0.9290
0.9667
0.9429
0.9396
0.8678
0.6197
1.1130
0.7317
0.9949
0.9341
0.8431
0.9573
0.8519
0.7310
1.0225
0.9828
0.8997
0.8890
1.0054
0.8940
0.8858
1.0033
0.9024
0.9081
0.8933
0.8866
0.9208
0.9107
0.7742
0.9584
0.9759
0.8995
0.8667
0.9219
0.8877
0.9010
0.9400
0.9169
0.9257
0.9385
0.9610
0.8846
0.8933
0.8662
0.9578
0.9214
0.6510
0.8878
0.8369
0.8267
0.8499
0.8786
0.8892
0.9027
0.8545
0.9328
0.8961
0.9402
0.9323
0.9573
0.9545
0.8664
0.8257
0.9126
0.7714
0.8929
0.9220
0.9226
0.8700
0.9105
0.9597
0.8268
0.8907
0.9744
0.9319
0.8880
0.9688
0.8533
0.9681
0.9384
0.9054
0.8738
0.9230
0.9300
0.8169
0.8009
0.8289
1.0136
0.9700
0.9281
0.8897
0.8463
1.0322
0.7622
0.7238
0.8324
1.0380
0.9659
0.8742
0.9247
0.9737
0.8552
0.8997
0.9916
1.0013
0.8517
0.7771
0.9679
1.0832
0.9102
0.9263
0.9766
0.9607
0.8770
0.8473
0.9121
0.8407
0.9263
0.8689
0.9740
0.9649
0.8941
0.9029
0.8916
0.8435
0.9530
1.0018
1.0078
0.9949
0.9643
0.9793
0.9335
0.9164
0.8928
1.0129
1.0036
0.9134
0.8432
0.8630
0.8286
0.8756
0.8603
1.0813
0.8682
0.8763
0.9194
1.0400
0.8969
0.8929
0.9199
0.8745
0.8839
1.0485
0.7722
0.9629
0.9121
0.8805
0.7612
1.0129
0.8765
0.9401
0.8726
0.9653
0.9002
0.8453
0.9699
0.9631
0.9527
1.0606
1.0040
0.7902
1.0368
0.8881
0.9573
0.9252
0.9421
0.7608
0.9520
0.9634
0.7902
0.8691
0.8877
0.9356
0.9219
0.9610
0.9360
0.8319
0.9972
0.9932
0.9515
0.8605
0.7071
0.7858
0.8659
0.9125
0.9113
0.9328
0.9247
0.9016
0.9737
0.9996
0.9207
0.9250
0.9519
0.9640
0.7636
0.9012
0.8191
0.8179
0.9067
0.9067
0.9111
0.7737
0.9252
0.9290
0.7876
0.9682
0.9563
0.9056
0.9013
0.9253
0.9637
0.9866
0.8837
0.8746
0.9960
0.9372
0.9541
0.8561
0.9006
0.9140
0.8956
0.8543
0.8850
0.9126
0.9047
1.0375
0.8410
0.9548
0.9902
0.8978
0.8966
0.7192
0.5959
0.9084
0.9276
0.9001
0.9200
0.8324
0.8865
0.9987
0.8611
0.7383
0.9295
0.9251
1.0144
0.9091
0.9278
0.9093
0.8983
0.7801
0.8782
0.8399
0.8783
0.8768
0.9385
0.8169
1.0015
0.7230
0.9381
0.9518
0.9039
0.9660
0.9277
0.9919
0.8624
0.8377
0.9640
0.9864
0.9654
0.9201
0.9753
0.7158
0.9967
0.9062
0.8701
0.9079
0.8871
0.9713
0.8533
0.8139
0.8353
0.8655
0.9142
0.9881
0.8338
0.7686
0.9167
0.9647
0.9075
0.8496
0.9347
0.8548
1.0094
0.9367
0.8966
0.9542
0.8807
0.9880
0.8700
0.9903
0.9691
0.9214
0.8996
0.8432
0.9575
0.8757
0.9103
0.8786
0.8685
0.9427
0.9379
0.9220
0.9007
0.9371
0.9284
0.8652
1.0528
1.0662
0.9945
0.9997
0.7961
0.8240
0.9403
0.8126
0.8953
0.9541
0.9958
1.0120
0.8697
0.7616
0.9384
0.9233
0.9225
0.7777
1.0177
0.9758
0.9429
0.9531
0.8721
0.9231
0.9373
0.9844
0.7599
0.9331
0.8758
0.8782
1.0485
0.9281
0.8887
0.9445
0.9349
0.9188
0.7841
0.5900
0.9853
0.9136
0.9822
0.9043
0.9018
0.6278
0.9921
1.0241
0.9653
0.9024
0.7242
0.8953
0.8270
0.8590
0.9315
0.9113
0.8902
0.9210
0.9717
0.9675
0.9784
0.9691
0.8768
0.8811
0.9805
0.8798
0.8865
0.9096
0.9375
0.7461
0.9702
0.8652
1.0241
0.8710
0.9340
0.7535
0.9766
0.6773
0.9822
1.0146
0.9721
0.7535
0.8537
0.7480
0.9686
0.8745
1.0486
0.8906
0.9099
0.9665
0.9385
0.9385
0.8656
0.8671
0.8201
0.7648
0.9617
0.9499
0.9858
0.8970
0.8894
0.9010
0.9815
0.9134
0.9422
0.7471
0.9381
0.9067
0.9142
0.9243
0.8814
0.9051
0.9290
0.9387
0.8556
0.9711
0.7166
0.9346
0.9142
0.8949
0.8720
0.9316
0.9705
0.8641
0.8557
0.9869
0.9216
1.0104
0.8365
0.8138
0.9656
0.9708
0.8917
0.8643
0.8696
0.8955
0.7529
0.9592
0.9662
0.9326
0.8902
0.9152
0.8139
1.0697
0.9260
0.9107
0.8943
0.8948
0.9602
0.8738
0.8429
0.7403
0.8746
0.9107
0.8903
0.9740
0.7647
0.9718
0.9575
0.9777
0.9096
0.8457
0.9298
0.8590
0.9343
0.8228
0.8841
0.9369
0.8573
0.8966
0.9253
0.9604
0.9185
0.9220
0.8800
0.9105
1.0172
0.9913
0.9257
0.8932
0.9581
0.9130
0.9201
0.8547
0.8508
0.9502
0.8739
0.9048
0.8510
0.9440
0.8757
0.8966
0.8746
0.9529
0.9372
0.6337
0.7292
0.8479
0.8893
0.8362
0.9136
0.9231
0.9793
0.8574
0.9208
0.7272
0.8846
0.7336
0.8780
0.7042
0.6090
0.6064
0.9856
0.7993
0.7293
0.8693
0.9111
0.9782
0.8253
0.9949
0.8918
0.7277
0.8413
0.9322
0.7370
0.8811
0.9578
0.9568
0.8965
0.9637
0.8677
0.9171
0.9432
0.7954
1.0059
0.9198
0.9464
0.9262
0.8523
0.8427
0.9487
0.8472
0.9235
0.7029
0.9810
0.9255
0.8892
0.9660
0.9297
0.9150
0.8906
0.9746
0.9393
0.9069
0.8753
0.7743
